100 25 1200
1 2 0.500000
1 6 0.500000
1 10 0.500000
1 11 0.500000
1 12 0.500000
1 13 0.500000
1 25 0.500000
1 29 0.500000
1 31 0.500000
1 32 0.500000
1 37 0.500000
1 39 0.500000
1 42 0.500000
1 44 0.500000
1 46 0.500000
1 50 0.500000
1 51 0.500000
1 52 0.500000
1 57 0.500000
1 78 0.500000
1 80 0.500000
1 83 0.500000
1 84 0.500000
1 85 0.500000
1 87 0.500000
1 95 0.500000
1 98 0.500000
1 99 0.500000
1 100 0.500000
2 11 0.500000
2 17 0.500000
2 18 0.500000
2 21 0.500000
2 22 0.500000
2 26 0.500000
2 27 0.500000
2 31 0.500000
2 37 0.500000
2 39 0.500000
2 41 0.500000
2 46 0.500000
2 49 0.500000
2 55 0.500000
2 58 0.500000
2 62 0.500000
2 63 0.500000
2 68 0.500000
2 69 0.500000
2 75 0.500000
2 78 0.500000
2 83 0.500000
2 84 0.500000
2 91 0.500000
2 93 0.500000
3 8 0.500000
3 9 0.500000
3 10 0.500000
3 15 0.500000
3 18 0.500000
3 20 0.500000
3 29 0.500000
3 32 0.500000
3 49 0.500000
3 51 0.500000
3 53 0.500000
3 61 0.500000
3 62 0.500000
3 64 0.500000
3 65 0.500000
3 66 0.500000
3 72 0.500000
3 82 0.500000
3 95 0.500000
3 98 0.500000
4 11 0.500000
4 13 0.500000
4 25 0.500000
4 39 0.500000
4 45 0.500000
4 46 0.500000
4 48 0.500000
4 50 0.500000
4 52 0.500000
4 53 0.500000
4 57 0.500000
4 58 0.500000
4 63 0.500000
4 69 0.500000
4 70 0.500000
4 71 0.500000
4 73 0.500000
4 74 0.500000
4 79 0.500000
4 86 0.500000
4 94 0.500000
4 95 0.500000
4 99 0.500000
5 6 0.500000
5 7 0.500000
5 9 0.500000
5 11 0.500000
5 15 0.500000
5 24 0.500000
5 32 0.500000
5 33 0.500000
5 37 0.500000
5 42 0.500000
5 47 0.500000
5 53 0.500000
5 57 0.500000
5 58 0.500000
5 61 0.500000
5 65 0.500000
5 67 0.500000
5 74 0.500000
5 75 0.500000
5 83 0.500000
5 85 0.500000
5 86 0.500000
5 88 0.500000
5 92 0.500000
6 18 0.500000
6 22 0.500000
6 23 0.500000
6 26 0.500000
6 30 0.500000
6 32 0.500000
6 43 0.500000
6 49 0.500000
6 59 0.500000
6 60 0.500000
6 66 0.500000
6 73 0.500000
6 75 0.500000
6 82 0.500000
6 84 0.500000
6 88 0.500000
6 89 0.500000
6 91 0.500000
6 93 0.500000
6 100 0.500000
7 11 0.500000
7 15 0.500000
7 21 0.500000
7 23 0.500000
7 24 0.500000
7 26 0.500000
7 31 0.500000
7 38 0.500000
7 40 0.500000
7 43 0.500000
7 47 0.500000
7 50 0.500000
7 57 0.500000
7 63 0.500000
7 69 0.500000
7 70 0.500000
7 74 0.500000
7 88 0.500000
7 96 0.500000
8 17 0.500000
8 18 0.500000
8 23 0.500000
8 26 0.500000
8 29 0.500000
8 40 0.500000
8 46 0.500000
8 48 0.500000
8 50 0.500000
8 54 0.500000
8 58 0.500000
8 64 0.500000
8 67 0.500000
8 68 0.500000
8 69 0.500000
8 71 0.500000
8 73 0.500000
8 78 0.500000
8 81 0.500000
8 91 0.500000
8 92 0.500000
9 13 0.500000
9 15 0.500000
9 28 0.500000
9 29 0.500000
9 32 0.500000
9 33 0.500000
9 34 0.500000
9 44 0.500000
9 51 0.500000
9 52 0.500000
9 55 0.500000
9 56 0.500000
9 61 0.500000
9 66 0.500000
9 68 0.500000
9 73 0.500000
9 75 0.500000
9 87 0.500000
9 95 0.500000
9 96 0.500000
9 98 0.500000
9 99 0.500000
9 100 0.500000
10 13 0.500000
10 18 0.500000
10 22 0.500000
10 23 0.500000
10 28 0.500000
10 29 0.500000
10 31 0.500000
10 32 0.500000
10 35 0.500000
10 42 0.500000
10 52 0.500000
10 53 0.500000
10 56 0.500000
10 72 0.500000
10 80 0.500000
10 86 0.500000
10 88 0.500000
10 92 0.500000
10 96 0.500000
11 14 0.500000
11 20 0.500000
11 27 0.500000
11 30 0.500000
11 35 0.500000
11 36 0.500000
11 43 0.500000
11 58 0.500000
11 63 0.500000
11 66 0.500000
11 67 0.500000
11 69 0.500000
11 73 0.500000
11 82 0.500000
11 88 0.500000
11 89 0.500000
11 90 0.500000
11 99 0.500000
11 100 0.500000
12 16 0.500000
12 27 0.500000
12 32 0.500000
12 33 0.500000
12 37 0.500000
12 44 0.500000
12 45 0.500000
12 57 0.500000
12 58 0.500000
12 72 0.500000
12 75 0.500000
12 82 0.500000
12 86 0.500000
12 87 0.500000
12 89 0.500000
12 94 0.500000
12 96 0.500000
12 98 0.500000
13 25 0.500000
13 33 0.500000
13 37 0.500000
13 47 0.500000
13 62 0.500000
13 64 0.500000
13 73 0.500000
13 74 0.500000
13 80 0.500000
13 81 0.500000
13 82 0.500000
13 85 0.500000
13 93 0.500000
13 100 0.500000
14 16 0.500000
14 23 0.500000
14 24 0.500000
14 30 0.500000
14 31 0.500000
14 35 0.500000
14 37 0.500000
14 41 0.500000
14 43 0.500000
14 46 0.500000
14 48 0.500000
14 52 0.500000
14 55 0.500000
14 56 0.500000
14 72 0.500000
14 73 0.500000
14 76 0.500000
14 79 0.500000
14 81 0.500000
14 82 0.500000
14 84 0.500000
14 89 0.500000
14 91 0.500000
14 92 0.500000
14 95 0.500000
15 18 0.500000
15 19 0.500000
15 20 0.500000
15 28 0.500000
15 30 0.500000
15 32 0.500000
15 37 0.500000
15 39 0.500000
15 45 0.500000
15 48 0.500000
15 51 0.500000
15 53 0.500000
15 57 0.500000
15 62 0.500000
15 68 0.500000
15 72 0.500000
15 75 0.500000
15 96 0.500000
15 100 0.500000
16 17 0.500000
16 23 0.500000
16 24 0.500000
16 29 0.500000
16 41 0.500000
16 43 0.500000
16 46 0.500000
16 47 0.500000
16 49 0.500000
16 50 0.500000
16 54 0.500000
16 59 0.500000
16 72 0.500000
16 74 0.500000
16 78 0.500000
16 82 0.500000
16 84 0.500000
16 90 0.500000
16 92 0.500000
16 94 0.500000
16 99 0.500000
16 100 0.500000
17 18 0.500000
17 19 0.500000
17 26 0.500000
17 27 0.500000
17 28 0.500000
17 32 0.500000
17 37 0.500000
17 38 0.500000
17 52 0.500000
17 54 0.500000
17 62 0.500000
17 64 0.500000
17 66 0.500000
17 69 0.500000
17 71 0.500000
17 72 0.500000
17 74 0.500000
17 75 0.500000
17 77 0.500000
17 78 0.500000
17 80 0.500000
17 83 0.500000
17 87 0.500000
17 90 0.500000
17 96 0.500000
17 99 0.500000
18 23 0.500000
18 26 0.500000
18 29 0.500000
18 30 0.500000
18 33 0.500000
18 36 0.500000
18 39 0.500000
18 40 0.500000
18 47 0.500000
18 60 0.500000
18 63 0.500000
18 69 0.500000
18 73 0.500000
18 88 0.500000
18 89 0.500000
18 94 0.500000
18 96 0.500000
18 97 0.500000
19 25 0.500000
19 28 0.500000
19 31 0.500000
19 35 0.500000
19 39 0.500000
19 47 0.500000
19 48 0.500000
19 49 0.500000
19 59 0.500000
19 64 0.500000
19 73 0.500000
19 75 0.500000
19 77 0.500000
19 81 0.500000
19 82 0.500000
20 21 0.500000
20 27 0.500000
20 39 0.500000
20 45 0.500000
20 49 0.500000
20 56 0.500000
20 65 0.500000
20 74 0.500000
20 76 0.500000
20 79 0.500000
20 80 0.500000
20 83 0.500000
20 85 0.500000
20 87 0.500000
20 89 0.500000
20 98 0.500000
21 24 0.500000
21 25 0.500000
21 29 0.500000
21 31 0.500000
21 44 0.500000
21 48 0.500000
21 59 0.500000
21 61 0.500000
21 70 0.500000
21 71 0.500000
21 76 0.500000
21 78 0.500000
21 79 0.500000
21 87 0.500000
21 90 0.500000
21 99 0.500000
21 100 0.500000
22 26 0.500000
22 28 0.500000
22 40 0.500000
22 42 0.500000
22 56 0.500000
22 58 0.500000
22 59 0.500000
22 67 0.500000
22 76 0.500000
22 97 0.500000
22 98 0.500000
22 100 0.500000
23 27 0.500000
23 29 0.500000
23 30 0.500000
23 31 0.500000
23 34 0.500000
23 38 0.500000
23 42 0.500000
23 44 0.500000
23 45 0.500000
23 51 0.500000
23 53 0.500000
23 54 0.500000
23 59 0.500000
23 60 0.500000
23 67 0.500000
23 69 0.500000
23 71 0.500000
23 74 0.500000
23 82 0.500000
23 86 0.500000
23 91 0.500000
23 94 0.500000
23 98 0.500000
24 25 0.500000
24 28 0.500000
24 32 0.500000
24 37 0.500000
24 38 0.500000
24 39 0.500000
24 43 0.500000
24 51 0.500000
24 58 0.500000
24 68 0.500000
24 70 0.500000
24 71 0.500000
24 72 0.500000
24 78 0.500000
24 84 0.500000
24 89 0.500000
24 90 0.500000
24 97 0.500000
25 26 0.500000
25 27 0.500000
25 28 0.500000
25 33 0.500000
25 36 0.500000
25 45 0.500000
25 48 0.500000
25 52 0.500000
25 54 0.500000
25 56 0.500000
25 63 0.500000
25 66 0.500000
25 68 0.500000
25 75 0.500000
25 77 0.500000
25 78 0.500000
25 79 0.500000
25 80 0.500000
25 94 0.500000
25 96 0.500000
25 98 0.500000
26 30 0.500000
26 37 0.500000
26 40 0.500000
26 44 0.500000
26 49 0.500000
26 51 0.500000
26 52 0.500000
26 54 0.500000
26 65 0.500000
26 67 0.500000
26 71 0.500000
26 73 0.500000
26 74 0.500000
26 78 0.500000
26 79 0.500000
26 80 0.500000
26 86 0.500000
27 30 0.500000
27 32 0.500000
27 35 0.500000
27 40 0.500000
27 57 0.500000
27 64 0.500000
27 65 0.500000
27 67 0.500000
27 73 0.500000
27 74 0.500000
27 75 0.500000
27 77 0.500000
27 78 0.500000
27 82 0.500000
27 98 0.500000
28 35 0.500000
28 42 0.500000
28 43 0.500000
28 46 0.500000
28 52 0.500000
28 57 0.500000
28 59 0.500000
28 63 0.500000
28 64 0.500000
28 65 0.500000
28 66 0.500000
28 68 0.500000
28 70 0.500000
28 73 0.500000
28 81 0.500000
28 83 0.500000
28 90 0.500000
28 91 0.500000
28 95 0.500000
29 39 0.500000
29 42 0.500000
29 46 0.500000
29 47 0.500000
29 50 0.500000
29 56 0.500000
29 61 0.500000
29 63 0.500000
29 65 0.500000
29 73 0.500000
29 77 0.500000
29 79 0.500000
29 81 0.500000
29 86 0.500000
29 89 0.500000
29 91 0.500000
29 100 0.500000
30 36 0.500000
30 47 0.500000
30 49 0.500000
30 51 0.500000
30 52 0.500000
30 55 0.500000
30 60 0.500000
30 66 0.500000
30 67 0.500000
30 70 0.500000
30 80 0.500000
30 81 0.500000
30 84 0.500000
30 85 0.500000
30 86 0.500000
30 88 0.500000
30 89 0.500000
30 98 0.500000
31 32 0.500000
31 41 0.500000
31 46 0.500000
31 49 0.500000
31 55 0.500000
31 56 0.500000
31 58 0.500000
31 63 0.500000
31 65 0.500000
31 71 0.500000
31 72 0.500000
31 73 0.500000
31 76 0.500000
31 83 0.500000
31 84 0.500000
31 88 0.500000
31 89 0.500000
31 99 0.500000
32 34 0.500000
32 41 0.500000
32 42 0.500000
32 43 0.500000
32 55 0.500000
32 60 0.500000
32 70 0.500000
32 73 0.500000
32 76 0.500000
32 78 0.500000
32 81 0.500000
32 85 0.500000
32 94 0.500000
32 97 0.500000
33 37 0.500000
33 38 0.500000
33 40 0.500000
33 44 0.500000
33 45 0.500000
33 46 0.500000
33 47 0.500000
33 49 0.500000
33 55 0.500000
33 59 0.500000
33 63 0.500000
33 66 0.500000
33 73 0.500000
33 77 0.500000
33 83 0.500000
33 84 0.500000
33 85 0.500000
33 90 0.500000
33 93 0.500000
33 98 0.500000
34 35 0.500000
34 39 0.500000
34 42 0.500000
34 47 0.500000
34 56 0.500000
34 62 0.500000
34 67 0.500000
34 74 0.500000
34 75 0.500000
34 81 0.500000
34 84 0.500000
34 86 0.500000
34 88 0.500000
34 93 0.500000
34 98 0.500000
35 36 0.500000
35 41 0.500000
35 43 0.500000
35 46 0.500000
35 55 0.500000
35 56 0.500000
35 64 0.500000
35 83 0.500000
35 87 0.500000
35 96 0.500000
35 98 0.500000
36 40 0.500000
36 45 0.500000
36 46 0.500000
36 50 0.500000
36 54 0.500000
36 57 0.500000
36 61 0.500000
36 63 0.500000
36 69 0.500000
36 72 0.500000
36 78 0.500000
36 85 0.500000
36 91 0.500000
36 93 0.500000
36 95 0.500000
37 41 0.500000
37 43 0.500000
37 46 0.500000
37 49 0.500000
37 57 0.500000
37 60 0.500000
37 64 0.500000
37 65 0.500000
37 66 0.500000
37 76 0.500000
37 77 0.500000
37 81 0.500000
37 83 0.500000
37 85 0.500000
37 89 0.500000
37 95 0.500000
37 98 0.500000
37 99 0.500000
37 100 0.500000
38 39 0.500000
38 44 0.500000
38 45 0.500000
38 47 0.500000
38 54 0.500000
38 56 0.500000
38 59 0.500000
38 63 0.500000
38 67 0.500000
38 76 0.500000
38 77 0.500000
38 86 0.500000
38 90 0.500000
38 97 0.500000
38 99 0.500000
38 100 0.500000
39 45 0.500000
39 46 0.500000
39 47 0.500000
39 49 0.500000
39 60 0.500000
39 66 0.500000
39 67 0.500000
39 71 0.500000
39 78 0.500000
39 82 0.500000
39 83 0.500000
39 87 0.500000
39 89 0.500000
39 91 0.500000
39 92 0.500000
39 96 0.500000
39 99 0.500000
40 41 0.500000
40 43 0.500000
40 48 0.500000
40 54 0.500000
40 55 0.500000
40 57 0.500000
40 59 0.500000
40 63 0.500000
40 74 0.500000
40 76 0.500000
40 80 0.500000
40 81 0.500000
40 82 0.500000
40 87 0.500000
40 92 0.500000
40 99 0.500000
41 43 0.500000
41 46 0.500000
41 51 0.500000
41 52 0.500000
41 54 0.500000
41 57 0.500000
41 63 0.500000
41 65 0.500000
41 69 0.500000
41 81 0.500000
41 85 0.500000
41 90 0.500000
41 92 0.500000
41 95 0.500000
42 50 0.500000
42 55 0.500000
42 59 0.500000
42 60 0.500000
42 68 0.500000
42 69 0.500000
42 71 0.500000
42 73 0.500000
42 76 0.500000
42 87 0.500000
42 89 0.500000
42 90 0.500000
43 45 0.500000
43 46 0.500000
43 56 0.500000
43 57 0.500000
43 59 0.500000
43 63 0.500000
43 65 0.500000
43 66 0.500000
43 67 0.500000
43 68 0.500000
43 77 0.500000
43 78 0.500000
43 86 0.500000
43 89 0.500000
43 90 0.500000
43 92 0.500000
44 46 0.500000
44 47 0.500000
44 55 0.500000
44 57 0.500000
44 60 0.500000
44 66 0.500000
44 70 0.500000
44 76 0.500000
44 78 0.500000
44 79 0.500000
44 81 0.500000
44 88 0.500000
44 94 0.500000
44 98 0.500000
44 99 0.500000
44 100 0.500000
45 46 0.500000
45 50 0.500000
45 55 0.500000
45 57 0.500000
45 61 0.500000
45 65 0.500000
45 77 0.500000
45 81 0.500000
45 86 0.500000
45 87 0.500000
45 90 0.500000
45 91 0.500000
45 95 0.500000
46 50 0.500000
46 51 0.500000
46 54 0.500000
46 63 0.500000
46 64 0.500000
46 65 0.500000
46 70 0.500000
46 80 0.500000
46 90 0.500000
46 96 0.500000
46 98 0.500000
46 100 0.500000
47 50 0.500000
47 60 0.500000
47 63 0.500000
47 68 0.500000
47 69 0.500000
47 70 0.500000
47 71 0.500000
47 79 0.500000
47 83 0.500000
47 87 0.500000
47 88 0.500000
47 89 0.500000
47 91 0.500000
47 93 0.500000
47 96 0.500000
47 99 0.500000
47 100 0.500000
48 50 0.500000
48 52 0.500000
48 53 0.500000
48 54 0.500000
48 56 0.500000
48 63 0.500000
48 68 0.500000
48 75 0.500000
48 83 0.500000
48 85 0.500000
48 87 0.500000
48 92 0.500000
48 99 0.500000
48 100 0.500000
49 51 0.500000
49 52 0.500000
49 53 0.500000
49 61 0.500000
49 68 0.500000
49 75 0.500000
49 83 0.500000
49 89 0.500000
49 91 0.500000
49 97 0.500000
50 52 0.500000
50 62 0.500000
50 64 0.500000
50 73 0.500000
50 74 0.500000
50 75 0.500000
50 79 0.500000
50 80 0.500000
50 85 0.500000
50 89 0.500000
50 100 0.500000
51 52 0.500000
51 53 0.500000
51 59 0.500000
51 69 0.500000
51 78 0.500000
51 81 0.500000
51 90 0.500000
51 93 0.500000
51 95 0.500000
51 96 0.500000
51 97 0.500000
51 100 0.500000
52 57 0.500000
52 61 0.500000
52 65 0.500000
52 66 0.500000
52 67 0.500000
52 69 0.500000
52 74 0.500000
52 77 0.500000
52 85 0.500000
52 88 0.500000
52 90 0.500000
52 91 0.500000
52 94 0.500000
52 95 0.500000
52 97 0.500000
52 98 0.500000
53 54 0.500000
53 56 0.500000
53 60 0.500000
53 64 0.500000
53 67 0.500000
53 69 0.500000
53 74 0.500000
53 76 0.500000
53 77 0.500000
53 80 0.500000
53 81 0.500000
53 85 0.500000
53 89 0.500000
53 91 0.500000
54 55 0.500000
54 58 0.500000
54 65 0.500000
54 66 0.500000
54 75 0.500000
54 96 0.500000
54 97 0.500000
54 98 0.500000
55 56 0.500000
55 59 0.500000
55 64 0.500000
55 66 0.500000
55 69 0.500000
55 70 0.500000
55 74 0.500000
55 78 0.500000
55 84 0.500000
55 86 0.500000
55 93 0.500000
55 97 0.500000
56 62 0.500000
56 63 0.500000
56 66 0.500000
56 68 0.500000
56 75 0.500000
56 77 0.500000
56 83 0.500000
56 87 0.500000
56 88 0.500000
56 100 0.500000
57 58 0.500000
57 61 0.500000
57 62 0.500000
57 63 0.500000
57 65 0.500000
57 71 0.500000
57 72 0.500000
57 75 0.500000
57 76 0.500000
57 79 0.500000
57 82 0.500000
57 84 0.500000
57 91 0.500000
57 95 0.500000
58 61 0.500000
58 63 0.500000
58 73 0.500000
58 75 0.500000
58 76 0.500000
58 78 0.500000
58 82 0.500000
58 84 0.500000
58 88 0.500000
58 92 0.500000
58 93 0.500000
59 61 0.500000
59 66 0.500000
59 67 0.500000
59 68 0.500000
59 70 0.500000
59 79 0.500000
59 85 0.500000
59 94 0.500000
59 96 0.500000
60 69 0.500000
60 71 0.500000
60 72 0.500000
60 74 0.500000
60 76 0.500000
60 84 0.500000
60 88 0.500000
60 89 0.500000
60 90 0.500000
60 91 0.500000
61 64 0.500000
61 65 0.500000
61 66 0.500000
61 79 0.500000
61 80 0.500000
61 81 0.500000
61 82 0.500000
61 84 0.500000
61 89 0.500000
61 92 0.500000
61 95 0.500000
62 64 0.500000
62 75 0.500000
62 78 0.500000
62 79 0.500000
62 80 0.500000
62 82 0.500000
62 83 0.500000
62 84 0.500000
62 89 0.500000
62 98 0.500000
62 100 0.500000
63 80 0.500000
63 81 0.500000
63 87 0.500000
63 89 0.500000
63 92 0.500000
63 95 0.500000
63 96 0.500000
64 67 0.500000
64 73 0.500000
64 74 0.500000
64 82 0.500000
64 85 0.500000
64 86 0.500000
64 89 0.500000
64 90 0.500000
65 67 0.500000
65 73 0.500000
65 81 0.500000
65 83 0.500000
65 88 0.500000
65 89 0.500000
65 91 0.500000
65 93 0.500000
66 70 0.500000
66 76 0.500000
66 81 0.500000
66 86 0.500000
66 90 0.500000
66 94 0.500000
66 95 0.500000
66 96 0.500000
67 76 0.500000
67 78 0.500000
67 86 0.500000
67 89 0.500000
67 93 0.500000
67 94 0.500000
67 98 0.500000
67 99 0.500000
67 100 0.500000
68 69 0.500000
68 72 0.500000
68 75 0.500000
68 89 0.500000
68 98 0.500000
69 74 0.500000
69 78 0.500000
69 88 0.500000
69 91 0.500000
69 98 0.500000
70 71 0.500000
70 74 0.500000
70 80 0.500000
70 81 0.500000
70 83 0.500000
70 84 0.500000
70 88 0.500000
70 100 0.500000
71 76 0.500000
71 77 0.500000
71 78 0.500000
71 80 0.500000
71 89 0.500000
71 92 0.500000
71 96 0.500000
71 98 0.500000
71 100 0.500000
72 73 0.500000
72 77 0.500000
72 78 0.500000
72 80 0.500000
72 81 0.500000
72 83 0.500000
72 84 0.500000
72 87 0.500000
72 91 0.500000
72 93 0.500000
73 74 0.500000
73 81 0.500000
73 84 0.500000
73 85 0.500000
73 87 0.500000
73 93 0.500000
73 99 0.500000
73 100 0.500000
74 82 0.500000
74 85 0.500000
74 86 0.500000
74 89 0.500000
74 94 0.500000
75 76 0.500000
75 80 0.500000
75 83 0.500000
75 93 0.500000
75 98 0.500000
76 77 0.500000
76 82 0.500000
76 83 0.500000
76 89 0.500000
76 90 0.500000
76 92 0.500000
76 97 0.500000
76 100 0.500000
77 90 0.500000
77 95 0.500000
78 81 0.500000
78 87 0.500000
78 89 0.500000
78 96 0.500000
78 97 0.500000
78 98 0.500000
79 80 0.500000
79 84 0.500000
79 85 0.500000
79 86 0.500000
79 94 0.500000
79 97 0.500000
79 98 0.500000
80 83 0.500000
80 85 0.500000
80 90 0.500000
80 92 0.500000
80 93 0.500000
80 96 0.500000
80 97 0.500000
81 83 0.500000
81 88 0.500000
81 92 0.500000
81 95 0.500000
81 96 0.500000
81 98 0.500000
81 99 0.500000
81 100 0.500000
82 87 0.500000
82 95 0.500000
82 100 0.500000
83 84 0.500000
83 86 0.500000
83 88 0.500000
83 90 0.500000
83 91 0.500000
84 98 0.500000
85 88 0.500000
85 89 0.500000
85 90 0.500000
85 96 0.500000
86 91 0.500000
86 98 0.500000
87 95 0.500000
87 96 0.500000
87 97 0.500000
88 90 0.500000
88 92 0.500000
88 99 0.500000
88 100 0.500000
89 91 0.500000
89 92 0.500000
89 94 0.500000
89 95 0.500000
89 98 0.500000
89 99 0.500000
90 98 0.500000
90 99 0.500000
91 93 0.500000
91 94 0.500000
91 99 0.500000
91 100 0.500000
92 93 0.500000
93 95 0.500000
93 96 0.500000
94 99 0.500000
96 97 0.500000
97 98 0.500000
98 100 0.500000
