100 75 1205
1 4 0.500000
1 6 0.500000
1 9 0.500000
1 12 0.500000
1 17 0.500000
1 21 0.500000
1 25 0.500000
1 33 0.500000
1 34 0.500000
1 35 0.500000
1 37 0.500000
1 38 0.500000
1 40 0.500000
1 42 0.500000
1 43 0.500000
1 45 0.500000
1 59 0.500000
1 61 0.500000
1 64 0.500000
1 75 0.500000
1 89 0.500000
1 90 0.500000
1 91 0.500000
1 93 0.500000
1 99 0.500000
2 10 0.500000
2 19 0.500000
2 21 0.500000
2 24 0.500000
2 30 0.500000
2 31 0.500000
2 37 0.500000
2 38 0.500000
2 39 0.500000
2 43 0.500000
2 48 0.500000
2 54 0.500000
2 63 0.500000
2 64 0.500000
2 65 0.500000
2 67 0.500000
2 68 0.500000
2 69 0.500000
2 74 0.500000
2 79 0.500000
2 80 0.500000
2 91 0.500000
2 92 0.500000
2 100 0.500000
3 5 0.500000
3 7 0.500000
3 14 0.500000
3 16 0.500000
3 19 0.500000
3 26 0.500000
3 28 0.500000
3 30 0.500000
3 34 0.500000
3 35 0.500000
3 48 0.500000
3 51 0.500000
3 62 0.500000
3 67 0.500000
3 69 0.500000
3 70 0.500000
3 71 0.500000
3 77 0.500000
3 82 0.500000
3 84 0.500000
3 88 0.500000
3 90 0.500000
3 91 0.500000
4 7 0.500000
4 18 0.500000
4 20 0.500000
4 22 0.500000
4 33 0.500000
4 39 0.500000
4 40 0.500000
4 41 0.500000
4 48 0.500000
4 50 0.500000
4 55 0.500000
4 64 0.500000
4 65 0.500000
4 66 0.500000
4 70 0.500000
4 71 0.500000
4 72 0.500000
4 73 0.500000
4 78 0.500000
4 79 0.500000
4 80 0.500000
4 85 0.500000
4 87 0.500000
4 94 0.500000
4 99 0.500000
5 8 0.500000
5 12 0.500000
5 14 0.500000
5 15 0.500000
5 17 0.500000
5 22 0.500000
5 23 0.500000
5 25 0.500000
5 26 0.500000
5 30 0.500000
5 35 0.500000
5 39 0.500000
5 43 0.500000
5 48 0.500000
5 49 0.500000
5 50 0.500000
5 55 0.500000
5 57 0.500000
5 62 0.500000
5 66 0.500000
5 72 0.500000
5 78 0.500000
5 79 0.500000
5 80 0.500000
5 83 0.500000
5 84 0.500000
5 86 0.500000
5 87 0.500000
5 94 0.500000
5 96 0.500000
5 98 0.500000
6 11 0.500000
6 12 0.500000
6 24 0.500000
6 27 0.500000
6 28 0.500000
6 29 0.500000
6 35 0.500000
6 38 0.500000
6 42 0.500000
6 47 0.500000
6 49 0.500000
6 50 0.500000
6 59 0.500000
6 60 0.500000
6 62 0.500000
6 67 0.500000
6 71 0.500000
6 72 0.500000
6 73 0.500000
6 83 0.500000
6 88 0.500000
6 89 0.500000
6 94 0.500000
6 96 0.500000
6 98 0.500000
6 100 0.500000
7 9 0.500000
7 10 0.500000
7 15 0.500000
7 30 0.500000
7 42 0.500000
7 44 0.500000
7 48 0.500000
7 49 0.500000
7 50 0.500000
7 52 0.500000
7 54 0.500000
7 60 0.500000
7 66 0.500000
7 70 0.500000
7 78 0.500000
7 80 0.500000
7 87 0.500000
7 88 0.500000
7 92 0.500000
8 10 0.500000
8 11 0.500000
8 12 0.500000
8 16 0.500000
8 18 0.500000
8 19 0.500000
8 21 0.500000
8 34 0.500000
8 42 0.500000
8 43 0.500000
8 45 0.500000
8 51 0.500000
8 52 0.500000
8 55 0.500000
8 57 0.500000
8 58 0.500000
8 59 0.500000
8 60 0.500000
8 62 0.500000
8 63 0.500000
8 70 0.500000
8 72 0.500000
8 74 0.500000
8 76 0.500000
8 82 0.500000
8 83 0.500000
8 91 0.500000
8 96 0.500000
8 97 0.500000
9 18 0.500000
9 19 0.500000
9 20 0.500000
9 27 0.500000
9 29 0.500000
9 35 0.500000
9 39 0.500000
9 40 0.500000
9 42 0.500000
9 43 0.500000
9 44 0.500000
9 48 0.500000
9 56 0.500000
9 59 0.500000
9 63 0.500000
9 89 0.500000
9 92 0.500000
10 11 0.500000
10 15 0.500000
10 19 0.500000
10 20 0.500000
10 21 0.500000
10 23 0.500000
10 25 0.500000
10 27 0.500000
10 30 0.500000
10 42 0.500000
10 44 0.500000
10 46 0.500000
10 47 0.500000
10 53 0.500000
10 67 0.500000
10 72 0.500000
10 76 0.500000
10 79 0.500000
10 87 0.500000
10 88 0.500000
10 93 0.500000
10 97 0.500000
10 98 0.500000
11 17 0.500000
11 20 0.500000
11 29 0.500000
11 39 0.500000
11 40 0.500000
11 43 0.500000
11 45 0.500000
11 49 0.500000
11 55 0.500000
11 56 0.500000
11 59 0.500000
11 60 0.500000
11 66 0.500000
11 69 0.500000
11 70 0.500000
11 78 0.500000
11 80 0.500000
11 81 0.500000
11 86 0.500000
11 95 0.500000
11 96 0.500000
12 13 0.500000
12 14 0.500000
12 17 0.500000
12 19 0.500000
12 22 0.500000
12 23 0.500000
12 24 0.500000
12 25 0.500000
12 27 0.500000
12 28 0.500000
12 33 0.500000
12 34 0.500000
12 38 0.500000
12 45 0.500000
12 46 0.500000
12 54 0.500000
12 58 0.500000
12 59 0.500000
12 61 0.500000
12 68 0.500000
12 74 0.500000
12 75 0.500000
12 86 0.500000
12 92 0.500000
12 95 0.500000
12 100 0.500000
13 15 0.500000
13 18 0.500000
13 24 0.500000
13 25 0.500000
13 33 0.500000
13 39 0.500000
13 51 0.500000
13 60 0.500000
13 63 0.500000
13 71 0.500000
13 74 0.500000
13 75 0.500000
13 76 0.500000
13 79 0.500000
13 81 0.500000
13 83 0.500000
13 85 0.500000
13 86 0.500000
13 97 0.500000
13 99 0.500000
13 100 0.500000
14 17 0.500000
14 27 0.500000
14 28 0.500000
14 29 0.500000
14 31 0.500000
14 32 0.500000
14 35 0.500000
14 41 0.500000
14 43 0.500000
14 51 0.500000
14 53 0.500000
14 58 0.500000
14 60 0.500000
14 62 0.500000
14 67 0.500000
14 73 0.500000
14 77 0.500000
14 78 0.500000
14 79 0.500000
14 84 0.500000
14 89 0.500000
14 90 0.500000
14 94 0.500000
15 24 0.500000
15 28 0.500000
15 34 0.500000
15 35 0.500000
15 37 0.500000
15 40 0.500000
15 41 0.500000
15 44 0.500000
15 47 0.500000
15 49 0.500000
15 62 0.500000
15 65 0.500000
15 66 0.500000
15 70 0.500000
15 74 0.500000
15 79 0.500000
15 81 0.500000
15 82 0.500000
15 90 0.500000
15 91 0.500000
15 92 0.500000
15 94 0.500000
15 97 0.500000
16 24 0.500000
16 27 0.500000
16 31 0.500000
16 32 0.500000
16 34 0.500000
16 35 0.500000
16 36 0.500000
16 37 0.500000
16 39 0.500000
16 40 0.500000
16 45 0.500000
16 50 0.500000
16 52 0.500000
16 55 0.500000
16 61 0.500000
16 63 0.500000
16 66 0.500000
16 72 0.500000
16 73 0.500000
16 74 0.500000
16 75 0.500000
16 77 0.500000
16 79 0.500000
16 89 0.500000
16 93 0.500000
16 94 0.500000
17 21 0.500000
17 24 0.500000
17 35 0.500000
17 48 0.500000
17 49 0.500000
17 55 0.500000
17 57 0.500000
17 69 0.500000
17 74 0.500000
17 75 0.500000
17 76 0.500000
17 78 0.500000
17 92 0.500000
18 25 0.500000
18 31 0.500000
18 35 0.500000
18 38 0.500000
18 49 0.500000
18 51 0.500000
18 54 0.500000
18 55 0.500000
18 60 0.500000
18 64 0.500000
18 67 0.500000
18 69 0.500000
18 70 0.500000
18 73 0.500000
18 77 0.500000
18 82 0.500000
18 88 0.500000
18 93 0.500000
19 23 0.500000
19 25 0.500000
19 34 0.500000
19 54 0.500000
19 56 0.500000
19 62 0.500000
19 66 0.500000
19 67 0.500000
19 81 0.500000
19 83 0.500000
19 91 0.500000
19 96 0.500000
20 25 0.500000
20 26 0.500000
20 30 0.500000
20 31 0.500000
20 33 0.500000
20 37 0.500000
20 39 0.500000
20 43 0.500000
20 54 0.500000
20 65 0.500000
20 67 0.500000
20 74 0.500000
20 77 0.500000
20 82 0.500000
20 85 0.500000
20 96 0.500000
21 31 0.500000
21 34 0.500000
21 37 0.500000
21 44 0.500000
21 45 0.500000
21 51 0.500000
21 54 0.500000
21 56 0.500000
21 58 0.500000
21 66 0.500000
21 68 0.500000
21 69 0.500000
21 78 0.500000
21 79 0.500000
21 81 0.500000
21 94 0.500000
22 23 0.500000
22 25 0.500000
22 30 0.500000
22 49 0.500000
22 51 0.500000
22 52 0.500000
22 61 0.500000
22 64 0.500000
22 66 0.500000
22 67 0.500000
22 71 0.500000
22 73 0.500000
22 77 0.500000
22 95 0.500000
22 97 0.500000
22 98 0.500000
22 100 0.500000
23 27 0.500000
23 31 0.500000
23 34 0.500000
23 37 0.500000
23 38 0.500000
23 41 0.500000
23 47 0.500000
23 48 0.500000
23 49 0.500000
23 51 0.500000
23 55 0.500000
23 57 0.500000
23 67 0.500000
23 69 0.500000
23 73 0.500000
23 76 0.500000
23 81 0.500000
23 85 0.500000
23 86 0.500000
23 93 0.500000
23 98 0.500000
24 33 0.500000
24 34 0.500000
24 36 0.500000
24 37 0.500000
24 38 0.500000
24 39 0.500000
24 40 0.500000
24 47 0.500000
24 54 0.500000
24 56 0.500000
24 60 0.500000
24 63 0.500000
24 66 0.500000
24 72 0.500000
24 93 0.500000
24 96 0.500000
24 99 0.500000
24 100 0.500000
25 35 0.500000
25 36 0.500000
25 39 0.500000
25 40 0.500000
25 42 0.500000
25 43 0.500000
25 50 0.500000
25 57 0.500000
25 61 0.500000
25 62 0.500000
25 66 0.500000
25 67 0.500000
25 76 0.500000
25 78 0.500000
25 80 0.500000
25 95 0.500000
25 96 0.500000
26 28 0.500000
26 30 0.500000
26 37 0.500000
26 39 0.500000
26 47 0.500000
26 54 0.500000
26 56 0.500000
26 61 0.500000
26 72 0.500000
26 76 0.500000
26 78 0.500000
26 84 0.500000
26 97 0.500000
26 99 0.500000
27 50 0.500000
27 51 0.500000
27 52 0.500000
27 60 0.500000
27 64 0.500000
27 66 0.500000
27 73 0.500000
27 76 0.500000
27 77 0.500000
27 80 0.500000
27 86 0.500000
27 88 0.500000
27 94 0.500000
27 97 0.500000
28 31 0.500000
28 32 0.500000
28 35 0.500000
28 40 0.500000
28 42 0.500000
28 43 0.500000
28 50 0.500000
28 51 0.500000
28 59 0.500000
28 65 0.500000
28 80 0.500000
28 81 0.500000
28 86 0.500000
28 90 0.500000
28 96 0.500000
29 34 0.500000
29 40 0.500000
29 43 0.500000
29 47 0.500000
29 56 0.500000
29 60 0.500000
29 65 0.500000
29 71 0.500000
29 79 0.500000
29 80 0.500000
29 82 0.500000
29 83 0.500000
29 84 0.500000
29 92 0.500000
29 96 0.500000
29 98 0.500000
30 38 0.500000
30 39 0.500000
30 44 0.500000
30 45 0.500000
30 53 0.500000
30 57 0.500000
30 58 0.500000
30 65 0.500000
30 73 0.500000
30 74 0.500000
30 75 0.500000
30 80 0.500000
30 85 0.500000
30 89 0.500000
30 92 0.500000
31 36 0.500000
31 38 0.500000
31 40 0.500000
31 41 0.500000
31 45 0.500000
31 47 0.500000
31 48 0.500000
31 52 0.500000
31 64 0.500000
31 73 0.500000
31 74 0.500000
31 79 0.500000
31 80 0.500000
31 84 0.500000
31 95 0.500000
32 35 0.500000
32 36 0.500000
32 39 0.500000
32 40 0.500000
32 44 0.500000
32 47 0.500000
32 56 0.500000
32 61 0.500000
32 63 0.500000
32 69 0.500000
32 71 0.500000
32 77 0.500000
32 78 0.500000
32 82 0.500000
32 87 0.500000
32 90 0.500000
33 39 0.500000
33 42 0.500000
33 47 0.500000
33 52 0.500000
33 53 0.500000
33 55 0.500000
33 58 0.500000
33 68 0.500000
33 70 0.500000
33 72 0.500000
33 78 0.500000
33 84 0.500000
33 86 0.500000
33 88 0.500000
33 90 0.500000
33 91 0.500000
33 94 0.500000
33 97 0.500000
34 37 0.500000
34 50 0.500000
34 51 0.500000
34 52 0.500000
34 62 0.500000
34 63 0.500000
34 69 0.500000
34 70 0.500000
34 73 0.500000
34 78 0.500000
34 83 0.500000
34 86 0.500000
34 87 0.500000
34 94 0.500000
34 95 0.500000
34 97 0.500000
35 38 0.500000
35 48 0.500000
35 54 0.500000
35 56 0.500000
35 57 0.500000
35 64 0.500000
35 65 0.500000
35 69 0.500000
35 71 0.500000
35 77 0.500000
35 80 0.500000
35 83 0.500000
35 91 0.500000
35 96 0.500000
35 97 0.500000
35 100 0.500000
36 38 0.500000
36 39 0.500000
36 43 0.500000
36 47 0.500000
36 51 0.500000
36 54 0.500000
36 55 0.500000
36 63 0.500000
36 64 0.500000
36 65 0.500000
36 67 0.500000
36 71 0.500000
36 72 0.500000
36 76 0.500000
36 83 0.500000
36 85 0.500000
36 92 0.500000
36 95 0.500000
37 39 0.500000
37 40 0.500000
37 42 0.500000
37 44 0.500000
37 45 0.500000
37 46 0.500000
37 53 0.500000
37 60 0.500000
37 63 0.500000
37 64 0.500000
37 74 0.500000
37 77 0.500000
37 79 0.500000
37 84 0.500000
37 85 0.500000
37 87 0.500000
37 88 0.500000
37 90 0.500000
37 91 0.500000
37 92 0.500000
37 93 0.500000
37 95 0.500000
38 39 0.500000
38 40 0.500000
38 41 0.500000
38 50 0.500000
38 51 0.500000
38 52 0.500000
38 56 0.500000
38 60 0.500000
38 61 0.500000
38 63 0.500000
38 67 0.500000
38 69 0.500000
38 76 0.500000
38 87 0.500000
38 92 0.500000
38 93 0.500000
39 41 0.500000
39 50 0.500000
39 57 0.500000
39 59 0.500000
39 66 0.500000
39 76 0.500000
39 85 0.500000
39 86 0.500000
39 88 0.500000
39 90 0.500000
39 100 0.500000
40 44 0.500000
40 47 0.500000
40 49 0.500000
40 50 0.500000
40 52 0.500000
40 55 0.500000
40 56 0.500000
40 57 0.500000
40 58 0.500000
40 59 0.500000
40 60 0.500000
40 63 0.500000
40 66 0.500000
40 71 0.500000
40 75 0.500000
40 76 0.500000
40 79 0.500000
40 84 0.500000
40 91 0.500000
40 92 0.500000
40 93 0.500000
40 95 0.500000
41 53 0.500000
41 66 0.500000
41 70 0.500000
41 77 0.500000
41 78 0.500000
41 79 0.500000
41 80 0.500000
41 88 0.500000
41 98 0.500000
42 43 0.500000
42 44 0.500000
42 48 0.500000
42 50 0.500000
42 59 0.500000
42 61 0.500000
42 68 0.500000
42 71 0.500000
42 85 0.500000
42 90 0.500000
42 92 0.500000
42 96 0.500000
43 50 0.500000
43 53 0.500000
43 56 0.500000
43 61 0.500000
43 65 0.500000
43 66 0.500000
43 75 0.500000
43 76 0.500000
43 92 0.500000
43 100 0.500000
44 49 0.500000
44 50 0.500000
44 52 0.500000
44 54 0.500000
44 57 0.500000
44 75 0.500000
44 78 0.500000
44 84 0.500000
44 90 0.500000
44 92 0.500000
44 96 0.500000
44 98 0.500000
45 51 0.500000
45 58 0.500000
45 60 0.500000
45 66 0.500000
45 73 0.500000
45 78 0.500000
45 80 0.500000
45 82 0.500000
45 86 0.500000
45 87 0.500000
45 88 0.500000
45 91 0.500000
45 94 0.500000
45 98 0.500000
46 54 0.500000
46 57 0.500000
46 68 0.500000
46 75 0.500000
46 80 0.500000
46 82 0.500000
46 84 0.500000
46 87 0.500000
46 88 0.500000
46 91 0.500000
46 92 0.500000
46 97 0.500000
47 53 0.500000
47 56 0.500000
47 57 0.500000
47 59 0.500000
47 60 0.500000
47 69 0.500000
47 70 0.500000
47 73 0.500000
47 89 0.500000
47 90 0.500000
47 93 0.500000
47 97 0.500000
47 99 0.500000
48 49 0.500000
48 53 0.500000
48 57 0.500000
48 58 0.500000
48 65 0.500000
48 77 0.500000
48 81 0.500000
48 87 0.500000
48 92 0.500000
48 94 0.500000
48 95 0.500000
48 96 0.500000
49 55 0.500000
49 67 0.500000
49 69 0.500000
49 72 0.500000
49 74 0.500000
49 77 0.500000
49 78 0.500000
49 79 0.500000
49 82 0.500000
49 84 0.500000
49 88 0.500000
49 90 0.500000
49 97 0.500000
49 98 0.500000
50 57 0.500000
50 58 0.500000
50 60 0.500000
50 63 0.500000
50 68 0.500000
50 70 0.500000
50 73 0.500000
50 80 0.500000
50 85 0.500000
50 87 0.500000
50 91 0.500000
50 94 0.500000
50 96 0.500000
51 53 0.500000
51 55 0.500000
51 56 0.500000
51 57 0.500000
51 65 0.500000
51 74 0.500000
51 76 0.500000
51 83 0.500000
51 84 0.500000
51 88 0.500000
51 96 0.500000
51 97 0.500000
51 99 0.500000
51 100 0.500000
52 66 0.500000
52 69 0.500000
52 84 0.500000
52 85 0.500000
52 86 0.500000
52 91 0.500000
52 93 0.500000
53 54 0.500000
53 61 0.500000
53 64 0.500000
53 67 0.500000
53 76 0.500000
53 80 0.500000
53 84 0.500000
53 85 0.500000
53 89 0.500000
53 90 0.500000
53 95 0.500000
54 55 0.500000
54 59 0.500000
54 74 0.500000
54 82 0.500000
54 89 0.500000
54 91 0.500000
54 95 0.500000
54 100 0.500000
55 57 0.500000
55 60 0.500000
55 64 0.500000
55 66 0.500000
55 68 0.500000
55 72 0.500000
55 74 0.500000
55 77 0.500000
55 78 0.500000
55 79 0.500000
55 87 0.500000
55 88 0.500000
55 91 0.500000
55 100 0.500000
56 60 0.500000
56 61 0.500000
56 62 0.500000
56 63 0.500000
56 68 0.500000
56 71 0.500000
56 75 0.500000
56 78 0.500000
56 80 0.500000
56 81 0.500000
56 82 0.500000
56 85 0.500000
56 89 0.500000
56 98 0.500000
57 59 0.500000
57 61 0.500000
57 69 0.500000
57 72 0.500000
57 82 0.500000
57 89 0.500000
57 93 0.500000
58 62 0.500000
58 63 0.500000
58 69 0.500000
58 70 0.500000
58 75 0.500000
58 83 0.500000
58 87 0.500000
58 90 0.500000
58 92 0.500000
59 64 0.500000
59 66 0.500000
59 69 0.500000
59 71 0.500000
59 72 0.500000
59 74 0.500000
59 80 0.500000
59 82 0.500000
59 89 0.500000
59 93 0.500000
59 94 0.500000
60 62 0.500000
60 64 0.500000
60 65 0.500000
60 68 0.500000
60 76 0.500000
60 78 0.500000
60 81 0.500000
60 84 0.500000
60 90 0.500000
60 96 0.500000
60 99 0.500000
61 63 0.500000
61 64 0.500000
61 68 0.500000
61 74 0.500000
61 80 0.500000
61 83 0.500000
61 91 0.500000
61 92 0.500000
61 93 0.500000
61 94 0.500000
62 63 0.500000
62 65 0.500000
62 66 0.500000
62 69 0.500000
62 71 0.500000
62 76 0.500000
62 77 0.500000
62 84 0.500000
62 86 0.500000
62 89 0.500000
62 91 0.500000
62 94 0.500000
62 98 0.500000
63 66 0.500000
63 74 0.500000
63 75 0.500000
63 80 0.500000
63 81 0.500000
63 82 0.500000
63 83 0.500000
63 86 0.500000
63 89 0.500000
63 98 0.500000
63 99 0.500000
64 65 0.500000
64 66 0.500000
64 71 0.500000
64 74 0.500000
64 75 0.500000
64 80 0.500000
64 83 0.500000
64 86 0.500000
64 88 0.500000
64 91 0.500000
64 93 0.500000
64 94 0.500000
64 96 0.500000
65 66 0.500000
65 67 0.500000
65 70 0.500000
65 71 0.500000
65 75 0.500000
65 77 0.500000
65 79 0.500000
65 84 0.500000
65 85 0.500000
65 91 0.500000
65 92 0.500000
66 67 0.500000
66 71 0.500000
66 76 0.500000
66 77 0.500000
66 83 0.500000
66 86 0.500000
66 88 0.500000
66 89 0.500000
66 94 0.500000
66 98 0.500000
66 99 0.500000
66 100 0.500000
67 69 0.500000
67 72 0.500000
67 74 0.500000
67 78 0.500000
67 83 0.500000
67 84 0.500000
67 94 0.500000
67 96 0.500000
67 98 0.500000
68 82 0.500000
68 84 0.500000
68 85 0.500000
68 87 0.500000
69 78 0.500000
69 83 0.500000
69 84 0.500000
69 87 0.500000
69 92 0.500000
69 95 0.500000
70 76 0.500000
70 81 0.500000
70 86 0.500000
70 89 0.500000
70 90 0.500000
70 92 0.500000
70 96 0.500000
70 97 0.500000
70 100 0.500000
71 72 0.500000
71 82 0.500000
71 84 0.500000
71 86 0.500000
71 90 0.500000
71 95 0.500000
71 96 0.500000
71 97 0.500000
72 73 0.500000
72 77 0.500000
72 80 0.500000
72 89 0.500000
72 96 0.500000
72 97 0.500000
73 74 0.500000
73 76 0.500000
73 77 0.500000
73 79 0.500000
73 81 0.500000
73 85 0.500000
73 89 0.500000
73 92 0.500000
73 94 0.500000
73 97 0.500000
73 99 0.500000
74 77 0.500000
74 78 0.500000
74 86 0.500000
74 87 0.500000
74 91 0.500000
74 93 0.500000
75 76 0.500000
75 78 0.500000
75 85 0.500000
75 89 0.500000
75 94 0.500000
75 99 0.500000
75 100 0.500000
76 77 0.500000
76 81 0.500000
76 82 0.500000
76 93 0.500000
76 99 0.500000
77 80 0.500000
77 83 0.500000
77 90 0.500000
77 95 0.500000
78 80 0.500000
78 81 0.500000
78 88 0.500000
78 90 0.500000
78 91 0.500000
78 92 0.500000
78 94 0.500000
78 95 0.500000
78 96 0.500000
78 98 0.500000
78 99 0.500000
79 82 0.500000
79 86 0.500000
79 94 0.500000
79 98 0.500000
80 81 0.500000
80 83 0.500000
80 84 0.500000
80 88 0.500000
80 91 0.500000
80 95 0.500000
81 87 0.500000
81 94 0.500000
81 96 0.500000
82 87 0.500000
82 90 0.500000
82 92 0.500000
82 94 0.500000
82 97 0.500000
83 84 0.500000
83 86 0.500000
83 89 0.500000
83 92 0.500000
83 93 0.500000
83 97 0.500000
84 97 0.500000
84 98 0.500000
84 99 0.500000
85 93 0.500000
85 95 0.500000
86 88 0.500000
86 99 0.500000
87 88 0.500000
87 92 0.500000
88 89 0.500000
88 92 0.500000
88 94 0.500000
89 91 0.500000
89 93 0.500000
89 94 0.500000
91 96 0.500000
91 99 0.500000
91 100 0.500000
92 97 0.500000
92 98 0.500000
93 100 0.500000
94 100 0.500000
96 98 0.500000
98 99 0.500000
