100 50 2411
1 11 0.500000
1 13 0.500000
1 17 0.500000
1 18 0.500000
1 20 0.500000
1 25 0.500000
1 27 0.500000
1 29 0.500000
1 31 0.500000
1 34 0.500000
1 36 0.500000
1 39 0.500000
1 41 0.500000
1 43 0.500000
1 44 0.500000
1 45 0.500000
1 46 0.500000
1 47 0.500000
1 48 0.500000
1 49 0.500000
1 51 0.500000
1 52 0.500000
1 55 0.500000
1 57 0.500000
1 60 0.500000
1 62 0.500000
1 65 0.500000
1 69 0.500000
1 71 0.500000
1 72 0.500000
1 74 0.500000
1 75 0.500000
1 76 0.500000
1 78 0.500000
1 79 0.500000
1 80 0.500000
1 82 0.500000
1 86 0.500000
1 89 0.500000
1 93 0.500000
1 98 0.500000
1 100 0.500000
2 3 0.500000
2 5 0.500000
2 7 0.500000
2 9 0.500000
2 16 0.500000
2 22 0.500000
2 23 0.500000
2 25 0.500000
2 27 0.500000
2 28 0.500000
2 29 0.500000
2 30 0.500000
2 32 0.500000
2 33 0.500000
2 35 0.500000
2 36 0.500000
2 40 0.500000
2 42 0.500000
2 48 0.500000
2 49 0.500000
2 50 0.500000
2 54 0.500000
2 55 0.500000
2 56 0.500000
2 57 0.500000
2 60 0.500000
2 62 0.500000
2 64 0.500000
2 65 0.500000
2 66 0.500000
2 69 0.500000
2 70 0.500000
2 71 0.500000
2 73 0.500000
2 75 0.500000
2 76 0.500000
2 78 0.500000
2 82 0.500000
2 85 0.500000
2 87 0.500000
2 88 0.500000
2 89 0.500000
2 90 0.500000
2 91 0.500000
2 94 0.500000
2 96 0.500000
2 97 0.500000
2 100 0.500000
3 4 0.500000
3 7 0.500000
3 9 0.500000
3 11 0.500000
3 14 0.500000
3 15 0.500000
3 18 0.500000
3 20 0.500000
3 23 0.500000
3 24 0.500000
3 29 0.500000
3 34 0.500000
3 35 0.500000
3 38 0.500000
3 40 0.500000
3 41 0.500000
3 45 0.500000
3 46 0.500000
3 47 0.500000
3 48 0.500000
3 50 0.500000
3 51 0.500000
3 54 0.500000
3 57 0.500000
3 59 0.500000
3 64 0.500000
3 66 0.500000
3 67 0.500000
3 69 0.500000
3 71 0.500000
3 73 0.500000
3 76 0.500000
3 77 0.500000
3 86 0.500000
3 91 0.500000
3 93 0.500000
3 94 0.500000
3 97 0.500000
3 98 0.500000
3 99 0.500000
4 7 0.500000
4 9 0.500000
4 11 0.500000
4 12 0.500000
4 13 0.500000
4 14 0.500000
4 18 0.500000
4 22 0.500000
4 24 0.500000
4 25 0.500000
4 27 0.500000
4 31 0.500000
4 32 0.500000
4 33 0.500000
4 37 0.500000
4 39 0.500000
4 42 0.500000
4 44 0.500000
4 45 0.500000
4 48 0.500000
4 49 0.500000
4 52 0.500000
4 53 0.500000
4 56 0.500000
4 57 0.500000
4 58 0.500000
4 61 0.500000
4 62 0.500000
4 64 0.500000
4 67 0.500000
4 68 0.500000
4 69 0.500000
4 70 0.500000
4 72 0.500000
4 73 0.500000
4 75 0.500000
4 77 0.500000
4 78 0.500000
4 83 0.500000
4 84 0.500000
4 85 0.500000
4 87 0.500000
4 88 0.500000
4 89 0.500000
4 90 0.500000
4 94 0.500000
4 95 0.500000
4 96 0.500000
4 98 0.500000
4 100 0.500000
5 7 0.500000
5 9 0.500000
5 10 0.500000
5 11 0.500000
5 15 0.500000
5 16 0.500000
5 17 0.500000
5 18 0.500000
5 21 0.500000
5 22 0.500000
5 23 0.500000
5 26 0.500000
5 30 0.500000
5 31 0.500000
5 34 0.500000
5 36 0.500000
5 37 0.500000
5 40 0.500000
5 45 0.500000
5 46 0.500000
5 50 0.500000
5 51 0.500000
5 54 0.500000
5 56 0.500000
5 57 0.500000
5 59 0.500000
5 60 0.500000
5 64 0.500000
5 65 0.500000
5 68 0.500000
5 69 0.500000
5 70 0.500000
5 72 0.500000
5 74 0.500000
5 75 0.500000
5 78 0.500000
5 80 0.500000
5 82 0.500000
5 83 0.500000
5 84 0.500000
5 86 0.500000
5 87 0.500000
5 88 0.500000
5 89 0.500000
5 90 0.500000
5 91 0.500000
5 93 0.500000
5 94 0.500000
5 98 0.500000
6 7 0.500000
6 8 0.500000
6 9 0.500000
6 10 0.500000
6 11 0.500000
6 12 0.500000
6 13 0.500000
6 16 0.500000
6 19 0.500000
6 21 0.500000
6 27 0.500000
6 28 0.500000
6 29 0.500000
6 30 0.500000
6 32 0.500000
6 33 0.500000
6 34 0.500000
6 37 0.500000
6 38 0.500000
6 40 0.500000
6 41 0.500000
6 43 0.500000
6 46 0.500000
6 47 0.500000
6 48 0.500000
6 49 0.500000
6 52 0.500000
6 55 0.500000
6 64 0.500000
6 67 0.500000
6 69 0.500000
6 71 0.500000
6 72 0.500000
6 77 0.500000
6 81 0.500000
6 84 0.500000
6 86 0.500000
6 87 0.500000
6 90 0.500000
6 93 0.500000
6 96 0.500000
7 8 0.500000
7 9 0.500000
7 13 0.500000
7 15 0.500000
7 18 0.500000
7 19 0.500000
7 23 0.500000
7 26 0.500000
7 27 0.500000
7 29 0.500000
7 32 0.500000
7 35 0.500000
7 36 0.500000
7 38 0.500000
7 39 0.500000
7 41 0.500000
7 42 0.500000
7 44 0.500000
7 45 0.500000
7 46 0.500000
7 47 0.500000
7 48 0.500000
7 49 0.500000
7 56 0.500000
7 57 0.500000
7 58 0.500000
7 61 0.500000
7 62 0.500000
7 63 0.500000
7 66 0.500000
7 67 0.500000
7 70 0.500000
7 72 0.500000
7 75 0.500000
7 79 0.500000
7 81 0.500000
7 84 0.500000
7 85 0.500000
7 86 0.500000
7 87 0.500000
7 88 0.500000
7 89 0.500000
7 90 0.500000
7 93 0.500000
7 94 0.500000
7 95 0.500000
7 100 0.500000
8 11 0.500000
8 13 0.500000
8 15 0.500000
8 23 0.500000
8 24 0.500000
8 26 0.500000
8 27 0.500000
8 28 0.500000
8 29 0.500000
8 32 0.500000
8 33 0.500000
8 34 0.500000
8 35 0.500000
8 38 0.500000
8 40 0.500000
8 42 0.500000
8 44 0.500000
8 45 0.500000
8 52 0.500000
8 54 0.500000
8 55 0.500000
8 56 0.500000
8 58 0.500000
8 60 0.500000
8 62 0.500000
8 64 0.500000
8 68 0.500000
8 69 0.500000
8 71 0.500000
8 72 0.500000
8 75 0.500000
8 76 0.500000
8 77 0.500000
8 79 0.500000
8 84 0.500000
8 88 0.500000
8 89 0.500000
8 90 0.500000
8 91 0.500000
8 93 0.500000
8 94 0.500000
8 95 0.500000
8 97 0.500000
8 98 0.500000
8 100 0.500000
9 13 0.500000
9 16 0.500000
9 17 0.500000
9 19 0.500000
9 22 0.500000
9 26 0.500000
9 29 0.500000
9 32 0.500000
9 33 0.500000
9 36 0.500000
9 41 0.500000
9 42 0.500000
9 44 0.500000
9 45 0.500000
9 46 0.500000
9 47 0.500000
9 48 0.500000
9 49 0.500000
9 50 0.500000
9 55 0.500000
9 60 0.500000
9 61 0.500000
9 62 0.500000
9 66 0.500000
9 68 0.500000
9 70 0.500000
9 72 0.500000
9 74 0.500000
9 75 0.500000
9 76 0.500000
9 77 0.500000
9 80 0.500000
9 83 0.500000
9 84 0.500000
9 85 0.500000
9 87 0.500000
9 92 0.500000
9 95 0.500000
9 97 0.500000
9 98 0.500000
9 100 0.500000
10 16 0.500000
10 18 0.500000
10 20 0.500000
10 21 0.500000
10 23 0.500000
10 26 0.500000
10 28 0.500000
10 29 0.500000
10 31 0.500000
10 33 0.500000
10 36 0.500000
10 37 0.500000
10 38 0.500000
10 40 0.500000
10 43 0.500000
10 47 0.500000
10 49 0.500000
10 55 0.500000
10 58 0.500000
10 59 0.500000
10 60 0.500000
10 61 0.500000
10 64 0.500000
10 65 0.500000
10 66 0.500000
10 68 0.500000
10 71 0.500000
10 75 0.500000
10 81 0.500000
10 86 0.500000
10 87 0.500000
10 88 0.500000
10 89 0.500000
10 90 0.500000
10 91 0.500000
10 92 0.500000
10 93 0.500000
10 96 0.500000
10 97 0.500000
10 98 0.500000
10 99 0.500000
11 13 0.500000
11 16 0.500000
11 17 0.500000
11 18 0.500000
11 20 0.500000
11 21 0.500000
11 22 0.500000
11 31 0.500000
11 32 0.500000
11 37 0.500000
11 39 0.500000
11 40 0.500000
11 43 0.500000
11 44 0.500000
11 47 0.500000
11 48 0.500000
11 49 0.500000
11 52 0.500000
11 56 0.500000
11 58 0.500000
11 59 0.500000
11 61 0.500000
11 63 0.500000
11 65 0.500000
11 66 0.500000
11 67 0.500000
11 68 0.500000
11 69 0.500000
11 72 0.500000
11 74 0.500000
11 79 0.500000
11 80 0.500000
11 84 0.500000
11 85 0.500000
11 86 0.500000
11 92 0.500000
11 95 0.500000
11 96 0.500000
11 97 0.500000
12 13 0.500000
12 15 0.500000
12 16 0.500000
12 20 0.500000
12 22 0.500000
12 24 0.500000
12 26 0.500000
12 27 0.500000
12 30 0.500000
12 32 0.500000
12 34 0.500000
12 36 0.500000
12 40 0.500000
12 41 0.500000
12 42 0.500000
12 45 0.500000
12 46 0.500000
12 48 0.500000
12 51 0.500000
12 53 0.500000
12 56 0.500000
12 57 0.500000
12 59 0.500000
12 61 0.500000
12 62 0.500000
12 63 0.500000
12 66 0.500000
12 68 0.500000
12 69 0.500000
12 70 0.500000
12 74 0.500000
12 76 0.500000
12 77 0.500000
12 81 0.500000
12 83 0.500000
12 86 0.500000
12 87 0.500000
12 88 0.500000
12 89 0.500000
12 90 0.500000
12 91 0.500000
12 92 0.500000
12 93 0.500000
12 95 0.500000
12 97 0.500000
13 14 0.500000
13 16 0.500000
13 17 0.500000
13 20 0.500000
13 21 0.500000
13 24 0.500000
13 26 0.500000
13 27 0.500000
13 28 0.500000
13 34 0.500000
13 35 0.500000
13 40 0.500000
13 41 0.500000
13 42 0.500000
13 44 0.500000
13 45 0.500000
13 48 0.500000
13 50 0.500000
13 51 0.500000
13 53 0.500000
13 56 0.500000
13 58 0.500000
13 59 0.500000
13 60 0.500000
13 61 0.500000
13 64 0.500000
13 65 0.500000
13 67 0.500000
13 70 0.500000
13 71 0.500000
13 73 0.500000
13 74 0.500000
13 75 0.500000
13 77 0.500000
13 78 0.500000
13 79 0.500000
13 81 0.500000
13 82 0.500000
13 85 0.500000
13 86 0.500000
13 89 0.500000
13 91 0.500000
13 92 0.500000
13 93 0.500000
13 95 0.500000
13 96 0.500000
13 97 0.500000
13 100 0.500000
14 15 0.500000
14 18 0.500000
14 21 0.500000
14 22 0.500000
14 23 0.500000
14 25 0.500000
14 26 0.500000
14 29 0.500000
14 33 0.500000
14 34 0.500000
14 37 0.500000
14 38 0.500000
14 40 0.500000
14 44 0.500000
14 45 0.500000
14 46 0.500000
14 47 0.500000
14 48 0.500000
14 49 0.500000
14 51 0.500000
14 52 0.500000
14 53 0.500000
14 57 0.500000
14 65 0.500000
14 68 0.500000
14 70 0.500000
14 74 0.500000
14 76 0.500000
14 78 0.500000
14 81 0.500000
14 86 0.500000
14 90 0.500000
14 94 0.500000
14 99 0.500000
15 16 0.500000
15 17 0.500000
15 20 0.500000
15 22 0.500000
15 24 0.500000
15 25 0.500000
15 26 0.500000
15 28 0.500000
15 29 0.500000
15 30 0.500000
15 31 0.500000
15 32 0.500000
15 33 0.500000
15 36 0.500000
15 42 0.500000
15 43 0.500000
15 50 0.500000
15 53 0.500000
15 54 0.500000
15 55 0.500000
15 57 0.500000
15 59 0.500000
15 62 0.500000
15 63 0.500000
15 73 0.500000
15 76 0.500000
15 82 0.500000
15 85 0.500000
15 87 0.500000
15 88 0.500000
15 90 0.500000
15 96 0.500000
15 97 0.500000
15 99 0.500000
15 100 0.500000
16 18 0.500000
16 20 0.500000
16 21 0.500000
16 22 0.500000
16 23 0.500000
16 26 0.500000
16 27 0.500000
16 32 0.500000
16 33 0.500000
16 34 0.500000
16 38 0.500000
16 39 0.500000
16 40 0.500000
16 43 0.500000
16 44 0.500000
16 46 0.500000
16 47 0.500000
16 49 0.500000
16 50 0.500000
16 53 0.500000
16 54 0.500000
16 55 0.500000
16 56 0.500000
16 57 0.500000
16 58 0.500000
16 59 0.500000
16 63 0.500000
16 64 0.500000
16 68 0.500000
16 69 0.500000
16 70 0.500000
16 73 0.500000
16 76 0.500000
16 83 0.500000
16 84 0.500000
16 85 0.500000
16 88 0.500000
16 89 0.500000
16 90 0.500000
16 93 0.500000
16 95 0.500000
16 97 0.500000
16 99 0.500000
17 18 0.500000
17 21 0.500000
17 22 0.500000
17 24 0.500000
17 26 0.500000
17 28 0.500000
17 29 0.500000
17 30 0.500000
17 33 0.500000
17 34 0.500000
17 38 0.500000
17 40 0.500000
17 41 0.500000
17 42 0.500000
17 43 0.500000
17 44 0.500000
17 46 0.500000
17 48 0.500000
17 50 0.500000
17 51 0.500000
17 53 0.500000
17 54 0.500000
17 57 0.500000
17 59 0.500000
17 63 0.500000
17 64 0.500000
17 66 0.500000
17 67 0.500000
17 69 0.500000
17 71 0.500000
17 74 0.500000
17 78 0.500000
17 79 0.500000
17 82 0.500000
17 83 0.500000
17 86 0.500000
17 87 0.500000
17 92 0.500000
17 93 0.500000
17 95 0.500000
17 98 0.500000
17 99 0.500000
18 22 0.500000
18 23 0.500000
18 24 0.500000
18 25 0.500000
18 30 0.500000
18 31 0.500000
18 32 0.500000
18 33 0.500000
18 35 0.500000
18 38 0.500000
18 40 0.500000
18 44 0.500000
18 46 0.500000
18 47 0.500000
18 48 0.500000
18 49 0.500000
18 50 0.500000
18 52 0.500000
18 54 0.500000
18 55 0.500000
18 56 0.500000
18 58 0.500000
18 61 0.500000
18 63 0.500000
18 67 0.500000
18 68 0.500000
18 70 0.500000
18 71 0.500000
18 73 0.500000
18 76 0.500000
18 77 0.500000
18 80 0.500000
18 81 0.500000
18 82 0.500000
18 84 0.500000
18 86 0.500000
18 87 0.500000
18 89 0.500000
18 90 0.500000
18 91 0.500000
18 93 0.500000
18 97 0.500000
18 98 0.500000
19 20 0.500000
19 21 0.500000
19 22 0.500000
19 24 0.500000
19 27 0.500000
19 29 0.500000
19 30 0.500000
19 32 0.500000
19 33 0.500000
19 34 0.500000
19 37 0.500000
19 41 0.500000
19 43 0.500000
19 44 0.500000
19 49 0.500000
19 52 0.500000
19 55 0.500000
19 56 0.500000
19 58 0.500000
19 59 0.500000
19 61 0.500000
19 67 0.500000
19 71 0.500000
19 73 0.500000
19 74 0.500000
19 75 0.500000
19 78 0.500000
19 79 0.500000
19 80 0.500000
19 83 0.500000
19 84 0.500000
19 86 0.500000
19 88 0.500000
19 89 0.500000
19 92 0.500000
19 93 0.500000
19 97 0.500000
19 98 0.500000
19 99 0.500000
19 100 0.500000
20 24 0.500000
20 25 0.500000
20 28 0.500000
20 30 0.500000
20 31 0.500000
20 35 0.500000
20 37 0.500000
20 38 0.500000
20 40 0.500000
20 42 0.500000
20 43 0.500000
20 44 0.500000
20 46 0.500000
20 48 0.500000
20 49 0.500000
20 56 0.500000
20 57 0.500000
20 59 0.500000
20 63 0.500000
20 64 0.500000
20 65 0.500000
20 67 0.500000
20 68 0.500000
20 71 0.500000
20 74 0.500000
20 75 0.500000
20 76 0.500000
20 77 0.500000
20 78 0.500000
20 81 0.500000
20 86 0.500000
20 87 0.500000
20 89 0.500000
20 90 0.500000
20 91 0.500000
20 96 0.500000
20 98 0.500000
21 22 0.500000
21 23 0.500000
21 24 0.500000
21 25 0.500000
21 26 0.500000
21 30 0.500000
21 32 0.500000
21 33 0.500000
21 34 0.500000
21 35 0.500000
21 36 0.500000
21 37 0.500000
21 39 0.500000
21 40 0.500000
21 42 0.500000
21 48 0.500000
21 49 0.500000
21 53 0.500000
21 54 0.500000
21 55 0.500000
21 57 0.500000
21 60 0.500000
21 62 0.500000
21 64 0.500000
21 65 0.500000
21 66 0.500000
21 68 0.500000
21 69 0.500000
21 70 0.500000
21 71 0.500000
21 72 0.500000
21 73 0.500000
21 74 0.500000
21 75 0.500000
21 76 0.500000
21 80 0.500000
21 81 0.500000
21 82 0.500000
21 83 0.500000
21 89 0.500000
21 90 0.500000
21 91 0.500000
21 93 0.500000
21 94 0.500000
21 95 0.500000
21 98 0.500000
21 99 0.500000
22 24 0.500000
22 28 0.500000
22 31 0.500000
22 32 0.500000
22 34 0.500000
22 35 0.500000
22 36 0.500000
22 38 0.500000
22 44 0.500000
22 45 0.500000
22 48 0.500000
22 50 0.500000
22 51 0.500000
22 56 0.500000
22 57 0.500000
22 59 0.500000
22 61 0.500000
22 62 0.500000
22 63 0.500000
22 64 0.500000
22 65 0.500000
22 67 0.500000
22 72 0.500000
22 74 0.500000
22 75 0.500000
22 76 0.500000
22 77 0.500000
22 79 0.500000
22 83 0.500000
22 84 0.500000
22 89 0.500000
22 90 0.500000
22 92 0.500000
22 94 0.500000
22 96 0.500000
22 98 0.500000
23 24 0.500000
23 25 0.500000
23 27 0.500000
23 29 0.500000
23 30 0.500000
23 32 0.500000
23 33 0.500000
23 36 0.500000
23 42 0.500000
23 44 0.500000
23 49 0.500000
23 51 0.500000
23 52 0.500000
23 53 0.500000
23 55 0.500000
23 56 0.500000
23 57 0.500000
23 59 0.500000
23 62 0.500000
23 65 0.500000
23 66 0.500000
23 67 0.500000
23 69 0.500000
23 72 0.500000
23 73 0.500000
23 74 0.500000
23 75 0.500000
23 76 0.500000
23 78 0.500000
23 79 0.500000
23 81 0.500000
23 82 0.500000
23 83 0.500000
23 84 0.500000
23 86 0.500000
23 87 0.500000
23 89 0.500000
23 91 0.500000
23 92 0.500000
23 95 0.500000
23 96 0.500000
23 97 0.500000
24 25 0.500000
24 26 0.500000
24 30 0.500000
24 31 0.500000
24 32 0.500000
24 33 0.500000
24 36 0.500000
24 40 0.500000
24 43 0.500000
24 44 0.500000
24 46 0.500000
24 48 0.500000
24 49 0.500000
24 50 0.500000
24 52 0.500000
24 53 0.500000
24 54 0.500000
24 58 0.500000
24 59 0.500000
24 60 0.500000
24 61 0.500000
24 62 0.500000
24 63 0.500000
24 64 0.500000
24 71 0.500000
24 74 0.500000
24 78 0.500000
24 80 0.500000
24 84 0.500000
24 85 0.500000
24 87 0.500000
24 89 0.500000
24 91 0.500000
24 92 0.500000
24 94 0.500000
24 96 0.500000
24 98 0.500000
24 99 0.500000
25 27 0.500000
25 28 0.500000
25 30 0.500000
25 31 0.500000
25 32 0.500000
25 36 0.500000
25 37 0.500000
25 38 0.500000
25 40 0.500000
25 41 0.500000
25 42 0.500000
25 44 0.500000
25 47 0.500000
25 48 0.500000
25 50 0.500000
25 51 0.500000
25 52 0.500000
25 53 0.500000
25 55 0.500000
25 58 0.500000
25 60 0.500000
25 61 0.500000
25 62 0.500000
25 63 0.500000
25 68 0.500000
25 74 0.500000
25 80 0.500000
25 82 0.500000
25 83 0.500000
25 85 0.500000
25 86 0.500000
25 88 0.500000
25 94 0.500000
25 95 0.500000
25 99 0.500000
26 27 0.500000
26 30 0.500000
26 31 0.500000
26 32 0.500000
26 33 0.500000
26 35 0.500000
26 36 0.500000
26 37 0.500000
26 38 0.500000
26 39 0.500000
26 42 0.500000
26 47 0.500000
26 48 0.500000
26 49 0.500000
26 51 0.500000
26 52 0.500000
26 53 0.500000
26 56 0.500000
26 57 0.500000
26 59 0.500000
26 60 0.500000
26 61 0.500000
26 63 0.500000
26 67 0.500000
26 69 0.500000
26 70 0.500000
26 71 0.500000
26 72 0.500000
26 73 0.500000
26 76 0.500000
26 78 0.500000
26 79 0.500000
26 80 0.500000
26 82 0.500000
26 83 0.500000
26 84 0.500000
26 87 0.500000
26 88 0.500000
26 92 0.500000
26 96 0.500000
26 98 0.500000
27 28 0.500000
27 29 0.500000
27 31 0.500000
27 32 0.500000
27 35 0.500000
27 37 0.500000
27 38 0.500000
27 40 0.500000
27 42 0.500000
27 43 0.500000
27 44 0.500000
27 45 0.500000
27 46 0.500000
27 48 0.500000
27 52 0.500000
27 53 0.500000
27 54 0.500000
27 56 0.500000
27 58 0.500000
27 59 0.500000
27 62 0.500000
27 68 0.500000
27 69 0.500000
27 70 0.500000
27 71 0.500000
27 74 0.500000
27 75 0.500000
27 77 0.500000
27 78 0.500000
27 82 0.500000
27 83 0.500000
27 86 0.500000
27 87 0.500000
27 88 0.500000
27 89 0.500000
27 94 0.500000
27 96 0.500000
28 29 0.500000
28 31 0.500000
28 34 0.500000
28 37 0.500000
28 47 0.500000
28 48 0.500000
28 49 0.500000
28 52 0.500000
28 53 0.500000
28 54 0.500000
28 57 0.500000
28 58 0.500000
28 61 0.500000
28 63 0.500000
28 64 0.500000
28 66 0.500000
28 70 0.500000
28 72 0.500000
28 74 0.500000
28 77 0.500000
28 79 0.500000
28 81 0.500000
28 85 0.500000
28 86 0.500000
28 88 0.500000
28 90 0.500000
28 94 0.500000
28 95 0.500000
28 98 0.500000
28 100 0.500000
29 31 0.500000
29 33 0.500000
29 35 0.500000
29 36 0.500000
29 37 0.500000
29 38 0.500000
29 40 0.500000
29 44 0.500000
29 45 0.500000
29 46 0.500000
29 47 0.500000
29 48 0.500000
29 53 0.500000
29 59 0.500000
29 60 0.500000
29 61 0.500000
29 62 0.500000
29 65 0.500000
29 66 0.500000
29 67 0.500000
29 68 0.500000
29 69 0.500000
29 71 0.500000
29 72 0.500000
29 73 0.500000
29 75 0.500000
29 76 0.500000
29 77 0.500000
29 81 0.500000
29 82 0.500000
29 84 0.500000
29 88 0.500000
29 90 0.500000
29 91 0.500000
29 92 0.500000
29 94 0.500000
29 99 0.500000
30 32 0.500000
30 34 0.500000
30 38 0.500000
30 40 0.500000
30 45 0.500000
30 46 0.500000
30 49 0.500000
30 51 0.500000
30 56 0.500000
30 58 0.500000
30 60 0.500000
30 61 0.500000
30 64 0.500000
30 65 0.500000
30 67 0.500000
30 68 0.500000
30 72 0.500000
30 73 0.500000
30 76 0.500000
30 77 0.500000
30 80 0.500000
30 82 0.500000
30 84 0.500000
30 85 0.500000
30 86 0.500000
30 89 0.500000
30 90 0.500000
30 93 0.500000
30 95 0.500000
30 97 0.500000
30 98 0.500000
30 99 0.500000
30 100 0.500000
31 36 0.500000
31 37 0.500000
31 38 0.500000
31 39 0.500000
31 40 0.500000
31 41 0.500000
31 44 0.500000
31 46 0.500000
31 47 0.500000
31 48 0.500000
31 49 0.500000
31 52 0.500000
31 55 0.500000
31 57 0.500000
31 58 0.500000
31 59 0.500000
31 62 0.500000
31 63 0.500000
31 65 0.500000
31 67 0.500000
31 69 0.500000
31 70 0.500000
31 72 0.500000
31 73 0.500000
31 76 0.500000
31 79 0.500000
31 80 0.500000
31 82 0.500000
31 83 0.500000
31 85 0.500000
31 86 0.500000
31 87 0.500000
31 88 0.500000
31 89 0.500000
31 94 0.500000
31 95 0.500000
31 97 0.500000
31 98 0.500000
32 34 0.500000
32 37 0.500000
32 40 0.500000
32 44 0.500000
32 52 0.500000
32 55 0.500000
32 56 0.500000
32 57 0.500000
32 60 0.500000
32 62 0.500000
32 65 0.500000
32 67 0.500000
32 70 0.500000
32 72 0.500000
32 73 0.500000
32 75 0.500000
32 76 0.500000
32 77 0.500000
32 80 0.500000
32 86 0.500000
32 87 0.500000
32 91 0.500000
32 92 0.500000
32 93 0.500000
32 95 0.500000
32 97 0.500000
32 98 0.500000
32 99 0.500000
33 35 0.500000
33 37 0.500000
33 39 0.500000
33 42 0.500000
33 45 0.500000
33 47 0.500000
33 48 0.500000
33 49 0.500000
33 53 0.500000
33 58 0.500000
33 59 0.500000
33 63 0.500000
33 65 0.500000
33 66 0.500000
33 69 0.500000
33 72 0.500000
33 75 0.500000
33 78 0.500000
33 81 0.500000
33 87 0.500000
33 88 0.500000
33 89 0.500000
33 91 0.500000
33 95 0.500000
34 35 0.500000
34 36 0.500000
34 39 0.500000
34 41 0.500000
34 42 0.500000
34 43 0.500000
34 44 0.500000
34 45 0.500000
34 49 0.500000
34 54 0.500000
34 58 0.500000
34 63 0.500000
34 64 0.500000
34 65 0.500000
34 67 0.500000
34 68 0.500000
34 71 0.500000
34 73 0.500000
34 74 0.500000
34 76 0.500000
34 77 0.500000
34 78 0.500000
34 79 0.500000
34 80 0.500000
34 81 0.500000
34 82 0.500000
34 83 0.500000
34 86 0.500000
34 88 0.500000
34 89 0.500000
34 90 0.500000
34 93 0.500000
34 97 0.500000
34 100 0.500000
35 37 0.500000
35 40 0.500000
35 41 0.500000
35 42 0.500000
35 43 0.500000
35 49 0.500000
35 52 0.500000
35 53 0.500000
35 54 0.500000
35 55 0.500000
35 57 0.500000
35 58 0.500000
35 60 0.500000
35 62 0.500000
35 65 0.500000
35 69 0.500000
35 74 0.500000
35 76 0.500000
35 77 0.500000
35 79 0.500000
35 82 0.500000
35 84 0.500000
35 85 0.500000
35 86 0.500000
35 87 0.500000
35 88 0.500000
35 89 0.500000
35 91 0.500000
35 92 0.500000
35 93 0.500000
35 97 0.500000
35 98 0.500000
35 100 0.500000
36 39 0.500000
36 40 0.500000
36 41 0.500000
36 43 0.500000
36 48 0.500000
36 50 0.500000
36 53 0.500000
36 54 0.500000
36 55 0.500000
36 56 0.500000
36 58 0.500000
36 61 0.500000
36 67 0.500000
36 71 0.500000
36 73 0.500000
36 76 0.500000
36 78 0.500000
36 82 0.500000
36 83 0.500000
36 85 0.500000
36 89 0.500000
36 90 0.500000
36 92 0.500000
36 93 0.500000
36 94 0.500000
36 96 0.500000
36 97 0.500000
36 98 0.500000
36 99 0.500000
36 100 0.500000
37 39 0.500000
37 40 0.500000
37 42 0.500000
37 45 0.500000
37 46 0.500000
37 48 0.500000
37 49 0.500000
37 51 0.500000
37 52 0.500000
37 53 0.500000
37 56 0.500000
37 57 0.500000
37 58 0.500000
37 60 0.500000
37 61 0.500000
37 62 0.500000
37 63 0.500000
37 64 0.500000
37 67 0.500000
37 68 0.500000
37 69 0.500000
37 70 0.500000
37 71 0.500000
37 72 0.500000
37 73 0.500000
37 77 0.500000
37 78 0.500000
37 81 0.500000
37 83 0.500000
37 85 0.500000
37 86 0.500000
37 88 0.500000
37 91 0.500000
37 94 0.500000
37 95 0.500000
37 100 0.500000
38 41 0.500000
38 45 0.500000
38 50 0.500000
38 52 0.500000
38 54 0.500000
38 57 0.500000
38 58 0.500000
38 59 0.500000
38 63 0.500000
38 64 0.500000
38 66 0.500000
38 70 0.500000
38 73 0.500000
38 75 0.500000
38 76 0.500000
38 78 0.500000
38 79 0.500000
38 80 0.500000
38 83 0.500000
38 85 0.500000
38 87 0.500000
38 90 0.500000
38 91 0.500000
38 94 0.500000
38 95 0.500000
38 96 0.500000
38 97 0.500000
38 98 0.500000
39 40 0.500000
39 43 0.500000
39 45 0.500000
39 47 0.500000
39 50 0.500000
39 56 0.500000
39 57 0.500000
39 58 0.500000
39 64 0.500000
39 65 0.500000
39 67 0.500000
39 72 0.500000
39 74 0.500000
39 78 0.500000
39 79 0.500000
39 80 0.500000
39 81 0.500000
39 83 0.500000
39 84 0.500000
39 86 0.500000
39 88 0.500000
39 89 0.500000
39 92 0.500000
39 93 0.500000
39 94 0.500000
39 96 0.500000
39 97 0.500000
39 100 0.500000
40 41 0.500000
40 43 0.500000
40 45 0.500000
40 47 0.500000
40 48 0.500000
40 49 0.500000
40 50 0.500000
40 52 0.500000
40 53 0.500000
40 62 0.500000
40 64 0.500000
40 66 0.500000
40 67 0.500000
40 69 0.500000
40 71 0.500000
40 72 0.500000
40 74 0.500000
40 75 0.500000
40 78 0.500000
40 79 0.500000
40 83 0.500000
40 89 0.500000
40 94 0.500000
40 97 0.500000
40 98 0.500000
40 99 0.500000
41 42 0.500000
41 44 0.500000
41 45 0.500000
41 47 0.500000
41 48 0.500000
41 50 0.500000
41 52 0.500000
41 55 0.500000
41 56 0.500000
41 57 0.500000
41 60 0.500000
41 63 0.500000
41 64 0.500000
41 65 0.500000
41 68 0.500000
41 74 0.500000
41 76 0.500000
41 77 0.500000
41 80 0.500000
41 81 0.500000
41 83 0.500000
41 86 0.500000
41 88 0.500000
41 89 0.500000
41 90 0.500000
41 91 0.500000
41 92 0.500000
41 94 0.500000
41 96 0.500000
41 98 0.500000
41 100 0.500000
42 43 0.500000
42 44 0.500000
42 46 0.500000
42 47 0.500000
42 49 0.500000
42 51 0.500000
42 52 0.500000
42 54 0.500000
42 58 0.500000
42 59 0.500000
42 62 0.500000
42 68 0.500000
42 69 0.500000
42 71 0.500000
42 72 0.500000
42 73 0.500000
42 74 0.500000
42 76 0.500000
42 77 0.500000
42 80 0.500000
42 81 0.500000
42 82 0.500000
42 87 0.500000
42 88 0.500000
42 92 0.500000
42 93 0.500000
42 95 0.500000
42 96 0.500000
42 97 0.500000
42 98 0.500000
42 99 0.500000
42 100 0.500000
43 44 0.500000
43 45 0.500000
43 47 0.500000
43 49 0.500000
43 50 0.500000
43 51 0.500000
43 53 0.500000
43 61 0.500000
43 64 0.500000
43 65 0.500000
43 66 0.500000
43 67 0.500000
43 70 0.500000
43 71 0.500000
43 73 0.500000
43 76 0.500000
43 82 0.500000
43 85 0.500000
43 86 0.500000
43 87 0.500000
43 88 0.500000
43 89 0.500000
43 90 0.500000
43 93 0.500000
43 95 0.500000
43 96 0.500000
43 98 0.500000
43 100 0.500000
44 45 0.500000
44 47 0.500000
44 52 0.500000
44 53 0.500000
44 55 0.500000
44 56 0.500000
44 58 0.500000
44 59 0.500000
44 60 0.500000
44 61 0.500000
44 62 0.500000
44 64 0.500000
44 66 0.500000
44 68 0.500000
44 72 0.500000
44 75 0.500000
44 77 0.500000
44 78 0.500000
44 79 0.500000
44 80 0.500000
44 83 0.500000
44 84 0.500000
44 85 0.500000
44 87 0.500000
44 90 0.500000
44 91 0.500000
44 92 0.500000
44 95 0.500000
44 99 0.500000
45 49 0.500000
45 50 0.500000
45 54 0.500000
45 56 0.500000
45 57 0.500000
45 58 0.500000
45 61 0.500000
45 62 0.500000
45 63 0.500000
45 65 0.500000
45 66 0.500000
45 68 0.500000
45 70 0.500000
45 71 0.500000
45 73 0.500000
45 77 0.500000
45 78 0.500000
45 81 0.500000
45 83 0.500000
45 84 0.500000
45 86 0.500000
45 88 0.500000
45 93 0.500000
45 94 0.500000
45 95 0.500000
45 96 0.500000
45 100 0.500000
46 47 0.500000
46 53 0.500000
46 55 0.500000
46 56 0.500000
46 58 0.500000
46 60 0.500000
46 61 0.500000
46 66 0.500000
46 68 0.500000
46 69 0.500000
46 70 0.500000
46 71 0.500000
46 73 0.500000
46 76 0.500000
46 79 0.500000
46 82 0.500000
46 83 0.500000
46 84 0.500000
46 88 0.500000
46 89 0.500000
46 93 0.500000
46 95 0.500000
46 96 0.500000
46 99 0.500000
46 100 0.500000
47 48 0.500000
47 49 0.500000
47 50 0.500000
47 54 0.500000
47 57 0.500000
47 59 0.500000
47 61 0.500000
47 62 0.500000
47 63 0.500000
47 69 0.500000
47 75 0.500000
47 76 0.500000
47 77 0.500000
47 79 0.500000
47 80 0.500000
47 83 0.500000
47 84 0.500000
47 85 0.500000
47 89 0.500000
47 90 0.500000
47 92 0.500000
47 94 0.500000
47 99 0.500000
48 49 0.500000
48 51 0.500000
48 53 0.500000
48 54 0.500000
48 55 0.500000
48 56 0.500000
48 58 0.500000
48 59 0.500000
48 62 0.500000
48 66 0.500000
48 67 0.500000
48 71 0.500000
48 72 0.500000
48 73 0.500000
48 75 0.500000
48 76 0.500000
48 79 0.500000
48 80 0.500000
48 82 0.500000
48 85 0.500000
48 87 0.500000
48 88 0.500000
48 91 0.500000
48 93 0.500000
48 94 0.500000
48 98 0.500000
48 99 0.500000
48 100 0.500000
49 50 0.500000
49 51 0.500000
49 53 0.500000
49 54 0.500000
49 55 0.500000
49 56 0.500000
49 57 0.500000
49 58 0.500000
49 59 0.500000
49 61 0.500000
49 63 0.500000
49 64 0.500000
49 65 0.500000
49 66 0.500000
49 70 0.500000
49 71 0.500000
49 72 0.500000
49 73 0.500000
49 75 0.500000
49 77 0.500000
49 79 0.500000
49 81 0.500000
49 86 0.500000
49 88 0.500000
49 89 0.500000
49 90 0.500000
49 92 0.500000
49 93 0.500000
49 96 0.500000
49 97 0.500000
50 52 0.500000
50 55 0.500000
50 56 0.500000
50 57 0.500000
50 58 0.500000
50 62 0.500000
50 64 0.500000
50 67 0.500000
50 69 0.500000
50 71 0.500000
50 72 0.500000
50 76 0.500000
50 81 0.500000
50 82 0.500000
50 83 0.500000
50 85 0.500000
50 87 0.500000
50 93 0.500000
50 95 0.500000
50 96 0.500000
50 97 0.500000
50 98 0.500000
50 100 0.500000
51 52 0.500000
51 53 0.500000
51 57 0.500000
51 59 0.500000
51 62 0.500000
51 63 0.500000
51 64 0.500000
51 65 0.500000
51 66 0.500000
51 67 0.500000
51 71 0.500000
51 73 0.500000
51 75 0.500000
51 76 0.500000
51 78 0.500000
51 81 0.500000
51 82 0.500000
51 86 0.500000
51 88 0.500000
51 89 0.500000
51 93 0.500000
51 95 0.500000
51 97 0.500000
52 53 0.500000
52 54 0.500000
52 55 0.500000
52 56 0.500000
52 59 0.500000
52 60 0.500000
52 61 0.500000
52 62 0.500000
52 64 0.500000
52 72 0.500000
52 74 0.500000
52 79 0.500000
52 80 0.500000
52 84 0.500000
52 85 0.500000
52 87 0.500000
52 88 0.500000
52 89 0.500000
52 92 0.500000
52 94 0.500000
52 96 0.500000
52 98 0.500000
52 99 0.500000
52 100 0.500000
53 54 0.500000
53 57 0.500000
53 59 0.500000
53 60 0.500000
53 62 0.500000
53 63 0.500000
53 65 0.500000
53 67 0.500000
53 68 0.500000
53 71 0.500000
53 73 0.500000
53 74 0.500000
53 75 0.500000
53 76 0.500000
53 77 0.500000
53 79 0.500000
53 80 0.500000
53 81 0.500000
53 86 0.500000
53 87 0.500000
53 89 0.500000
53 90 0.500000
53 97 0.500000
53 100 0.500000
54 55 0.500000
54 56 0.500000
54 57 0.500000
54 58 0.500000
54 59 0.500000
54 60 0.500000
54 61 0.500000
54 64 0.500000
54 65 0.500000
54 67 0.500000
54 68 0.500000
54 71 0.500000
54 72 0.500000
54 73 0.500000
54 75 0.500000
54 79 0.500000
54 80 0.500000
54 81 0.500000
54 84 0.500000
54 85 0.500000
54 86 0.500000
54 92 0.500000
54 94 0.500000
54 96 0.500000
54 97 0.500000
54 99 0.500000
54 100 0.500000
55 56 0.500000
55 62 0.500000
55 66 0.500000
55 67 0.500000
55 70 0.500000
55 71 0.500000
55 74 0.500000
55 75 0.500000
55 77 0.500000
55 80 0.500000
55 85 0.500000
55 86 0.500000
55 88 0.500000
55 89 0.500000
55 90 0.500000
55 91 0.500000
55 95 0.500000
55 96 0.500000
55 97 0.500000
55 98 0.500000
55 99 0.500000
56 57 0.500000
56 59 0.500000
56 60 0.500000
56 61 0.500000
56 62 0.500000
56 63 0.500000
56 64 0.500000
56 68 0.500000
56 72 0.500000
56 73 0.500000
56 74 0.500000
56 77 0.500000
56 78 0.500000
56 79 0.500000
56 82 0.500000
56 83 0.500000
56 84 0.500000
56 85 0.500000
56 86 0.500000
56 87 0.500000
56 90 0.500000
56 91 0.500000
56 94 0.500000
56 95 0.500000
56 96 0.500000
56 98 0.500000
56 99 0.500000
56 100 0.500000
57 60 0.500000
57 61 0.500000
57 67 0.500000
57 68 0.500000
57 69 0.500000
57 70 0.500000
57 71 0.500000
57 76 0.500000
57 81 0.500000
57 85 0.500000
57 87 0.500000
57 88 0.500000
57 89 0.500000
57 92 0.500000
57 95 0.500000
57 99 0.500000
57 100 0.500000
58 59 0.500000
58 60 0.500000
58 63 0.500000
58 64 0.500000
58 66 0.500000
58 68 0.500000
58 69 0.500000
58 70 0.500000
58 71 0.500000
58 72 0.500000
58 76 0.500000
58 77 0.500000
58 79 0.500000
58 80 0.500000
58 83 0.500000
58 84 0.500000
58 86 0.500000
58 90 0.500000
58 98 0.500000
58 99 0.500000
58 100 0.500000
59 60 0.500000
59 62 0.500000
59 63 0.500000
59 66 0.500000
59 67 0.500000
59 68 0.500000
59 70 0.500000
59 72 0.500000
59 73 0.500000
59 75 0.500000
59 77 0.500000
59 80 0.500000
59 81 0.500000
59 82 0.500000
59 83 0.500000
59 85 0.500000
59 86 0.500000
59 90 0.500000
59 91 0.500000
59 92 0.500000
59 93 0.500000
59 94 0.500000
59 95 0.500000
59 97 0.500000
59 98 0.500000
60 61 0.500000
60 64 0.500000
60 67 0.500000
60 68 0.500000
60 74 0.500000
60 75 0.500000
60 78 0.500000
60 81 0.500000
60 83 0.500000
60 84 0.500000
60 88 0.500000
60 91 0.500000
60 92 0.500000
60 96 0.500000
60 97 0.500000
60 98 0.500000
60 100 0.500000
61 62 0.500000
61 66 0.500000
61 67 0.500000
61 71 0.500000
61 73 0.500000
61 74 0.500000
61 75 0.500000
61 77 0.500000
61 81 0.500000
61 84 0.500000
61 87 0.500000
61 89 0.500000
61 92 0.500000
61 93 0.500000
61 95 0.500000
61 96 0.500000
62 63 0.500000
62 64 0.500000
62 66 0.500000
62 67 0.500000
62 68 0.500000
62 69 0.500000
62 70 0.500000
62 72 0.500000
62 73 0.500000
62 76 0.500000
62 77 0.500000
62 82 0.500000
62 83 0.500000
62 86 0.500000
62 93 0.500000
62 95 0.500000
62 97 0.500000
62 99 0.500000
63 65 0.500000
63 67 0.500000
63 68 0.500000
63 69 0.500000
63 70 0.500000
63 74 0.500000
63 75 0.500000
63 76 0.500000
63 78 0.500000
63 79 0.500000
63 80 0.500000
63 85 0.500000
63 89 0.500000
63 90 0.500000
63 91 0.500000
63 95 0.500000
63 96 0.500000
63 98 0.500000
63 99 0.500000
64 67 0.500000
64 70 0.500000
64 72 0.500000
64 74 0.500000
64 77 0.500000
64 79 0.500000
64 80 0.500000
64 82 0.500000
64 83 0.500000
64 84 0.500000
64 85 0.500000
64 87 0.500000
64 88 0.500000
64 91 0.500000
64 93 0.500000
64 96 0.500000
64 98 0.500000
64 100 0.500000
65 66 0.500000
65 68 0.500000
65 70 0.500000
65 73 0.500000
65 75 0.500000
65 78 0.500000
65 81 0.500000
65 82 0.500000
65 83 0.500000
65 84 0.500000
65 88 0.500000
65 90 0.500000
65 91 0.500000
65 92 0.500000
65 93 0.500000
65 95 0.500000
65 97 0.500000
65 98 0.500000
65 99 0.500000
66 68 0.500000
66 70 0.500000
66 72 0.500000
66 76 0.500000
66 77 0.500000
66 80 0.500000
66 83 0.500000
66 84 0.500000
66 87 0.500000
66 88 0.500000
66 89 0.500000
66 92 0.500000
66 94 0.500000
66 96 0.500000
66 97 0.500000
66 100 0.500000
67 68 0.500000
67 69 0.500000
67 73 0.500000
67 75 0.500000
67 77 0.500000
67 78 0.500000
67 80 0.500000
67 81 0.500000
67 83 0.500000
67 85 0.500000
67 86 0.500000
67 88 0.500000
67 89 0.500000
67 92 0.500000
67 95 0.500000
67 97 0.500000
67 98 0.500000
67 99 0.500000
68 69 0.500000
68 71 0.500000
68 72 0.500000
68 73 0.500000
68 75 0.500000
68 77 0.500000
68 78 0.500000
68 80 0.500000
68 84 0.500000
68 85 0.500000
68 89 0.500000
68 92 0.500000
68 95 0.500000
68 96 0.500000
68 97 0.500000
68 98 0.500000
68 99 0.500000
68 100 0.500000
69 71 0.500000
69 72 0.500000
69 74 0.500000
69 77 0.500000
69 78 0.500000
69 80 0.500000
69 82 0.500000
69 83 0.500000
69 86 0.500000
69 88 0.500000
69 89 0.500000
69 91 0.500000
69 93 0.500000
69 95 0.500000
69 96 0.500000
69 99 0.500000
69 100 0.500000
70 72 0.500000
70 74 0.500000
70 75 0.500000
70 76 0.500000
70 77 0.500000
70 78 0.500000
70 84 0.500000
70 87 0.500000
70 88 0.500000
70 91 0.500000
70 92 0.500000
70 94 0.500000
70 96 0.500000
70 97 0.500000
70 98 0.500000
70 99 0.500000
70 100 0.500000
71 75 0.500000
71 77 0.500000
71 78 0.500000
71 80 0.500000
71 88 0.500000
71 91 0.500000
71 94 0.500000
71 96 0.500000
71 100 0.500000
72 74 0.500000
72 78 0.500000
72 79 0.500000
72 80 0.500000
72 82 0.500000
72 84 0.500000
72 86 0.500000
72 88 0.500000
72 90 0.500000
72 91 0.500000
72 92 0.500000
72 93 0.500000
72 97 0.500000
72 98 0.500000
73 75 0.500000
73 79 0.500000
73 82 0.500000
73 84 0.500000
73 87 0.500000
73 88 0.500000
73 89 0.500000
73 90 0.500000
73 92 0.500000
73 95 0.500000
73 96 0.500000
73 98 0.500000
73 99 0.500000
73 100 0.500000
74 75 0.500000
74 80 0.500000
74 81 0.500000
74 84 0.500000
74 88 0.500000
74 89 0.500000
74 90 0.500000
74 91 0.500000
74 92 0.500000
74 94 0.500000
74 96 0.500000
74 99 0.500000
74 100 0.500000
75 76 0.500000
75 78 0.500000
75 79 0.500000
75 80 0.500000
75 82 0.500000
75 85 0.500000
75 86 0.500000
75 87 0.500000
75 88 0.500000
75 90 0.500000
75 91 0.500000
75 94 0.500000
75 96 0.500000
75 98 0.500000
75 99 0.500000
76 80 0.500000
76 83 0.500000
76 85 0.500000
76 86 0.500000
76 91 0.500000
76 94 0.500000
76 95 0.500000
76 96 0.500000
76 100 0.500000
77 78 0.500000
77 79 0.500000
77 80 0.500000
77 81 0.500000
77 83 0.500000
77 84 0.500000
77 87 0.500000
77 88 0.500000
77 91 0.500000
77 95 0.500000
78 79 0.500000
78 80 0.500000
78 83 0.500000
78 86 0.500000
78 89 0.500000
78 90 0.500000
78 91 0.500000
78 94 0.500000
78 97 0.500000
78 99 0.500000
78 100 0.500000
79 81 0.500000
79 82 0.500000
79 83 0.500000
79 85 0.500000
79 86 0.500000
79 88 0.500000
79 92 0.500000
79 93 0.500000
79 94 0.500000
79 97 0.500000
79 98 0.500000
79 99 0.500000
80 81 0.500000
80 82 0.500000
80 83 0.500000
80 84 0.500000
80 85 0.500000
80 88 0.500000
80 91 0.500000
80 92 0.500000
80 93 0.500000
80 96 0.500000
81 82 0.500000
81 87 0.500000
81 90 0.500000
81 91 0.500000
81 92 0.500000
81 93 0.500000
81 94 0.500000
81 96 0.500000
81 97 0.500000
81 98 0.500000
81 100 0.500000
82 84 0.500000
82 85 0.500000
82 88 0.500000
82 91 0.500000
82 93 0.500000
82 94 0.500000
82 95 0.500000
82 96 0.500000
82 98 0.500000
82 99 0.500000
82 100 0.500000
83 85 0.500000
83 86 0.500000
83 87 0.500000
83 91 0.500000
83 94 0.500000
83 95 0.500000
83 97 0.500000
83 98 0.500000
83 99 0.500000
84 85 0.500000
84 86 0.500000
84 88 0.500000
84 89 0.500000
84 91 0.500000
84 97 0.500000
84 99 0.500000
85 89 0.500000
85 90 0.500000
85 91 0.500000
85 92 0.500000
85 95 0.500000
85 97 0.500000
86 87 0.500000
86 88 0.500000
86 93 0.500000
86 94 0.500000
86 98 0.500000
87 88 0.500000
87 91 0.500000
87 92 0.500000
87 93 0.500000
87 94 0.500000
87 96 0.500000
87 97 0.500000
88 90 0.500000
88 96 0.500000
88 97 0.500000
88 98 0.500000
88 100 0.500000
89 94 0.500000
90 92 0.500000
90 93 0.500000
90 97 0.500000
90 100 0.500000
91 95 0.500000
91 96 0.500000
91 97 0.500000
91 99 0.500000
92 96 0.500000
92 100 0.500000
93 95 0.500000
93 98 0.500000
93 99 0.500000
94 95 0.500000
94 97 0.500000
94 99 0.500000
94 100 0.500000
95 96 0.500000
95 99 0.500000
96 99 0.500000
97 99 0.500000
98 99 0.500000
