100 75 1234
1 2 0.500000
1 9 0.500000
1 11 0.500000
1 14 0.500000
1 16 0.500000
1 25 0.500000
1 27 0.500000
1 42 0.500000
1 48 0.500000
1 52 0.500000
1 54 0.500000
1 55 0.500000
1 57 0.500000
1 58 0.500000
1 65 0.500000
1 69 0.500000
1 73 0.500000
1 75 0.500000
1 77 0.500000
1 81 0.500000
1 83 0.500000
1 88 0.500000
1 100 0.500000
2 3 0.500000
2 12 0.500000
2 14 0.500000
2 20 0.500000
2 27 0.500000
2 32 0.500000
2 35 0.500000
2 47 0.500000
2 50 0.500000
2 55 0.500000
2 62 0.500000
2 63 0.500000
2 65 0.500000
2 68 0.500000
2 77 0.500000
2 79 0.500000
2 80 0.500000
2 86 0.500000
2 90 0.500000
2 92 0.500000
3 12 0.500000
3 15 0.500000
3 16 0.500000
3 18 0.500000
3 21 0.500000
3 25 0.500000
3 26 0.500000
3 27 0.500000
3 30 0.500000
3 32 0.500000
3 41 0.500000
3 44 0.500000
3 46 0.500000
3 47 0.500000
3 54 0.500000
3 59 0.500000
3 65 0.500000
3 71 0.500000
3 83 0.500000
3 90 0.500000
3 91 0.500000
3 94 0.500000
3 97 0.500000
4 7 0.500000
4 9 0.500000
4 27 0.500000
4 33 0.500000
4 39 0.500000
4 41 0.500000
4 42 0.500000
4 44 0.500000
4 45 0.500000
4 54 0.500000
4 55 0.500000
4 62 0.500000
4 85 0.500000
4 91 0.500000
4 93 0.500000
4 94 0.500000
4 96 0.500000
5 8 0.500000
5 24 0.500000
5 29 0.500000
5 32 0.500000
5 33 0.500000
5 34 0.500000
5 40 0.500000
5 44 0.500000
5 46 0.500000
5 47 0.500000
5 48 0.500000
5 51 0.500000
5 52 0.500000
5 58 0.500000
5 61 0.500000
5 62 0.500000
5 67 0.500000
5 68 0.500000
5 69 0.500000
5 70 0.500000
5 72 0.500000
5 77 0.500000
5 82 0.500000
5 88 0.500000
5 92 0.500000
5 95 0.500000
5 96 0.500000
5 97 0.500000
5 98 0.500000
5 99 0.500000
6 7 0.500000
6 9 0.500000
6 12 0.500000
6 19 0.500000
6 20 0.500000
6 21 0.500000
6 27 0.500000
6 33 0.500000
6 42 0.500000
6 48 0.500000
6 49 0.500000
6 51 0.500000
6 52 0.500000
6 65 0.500000
6 67 0.500000
6 68 0.500000
6 69 0.500000
6 73 0.500000
6 75 0.500000
6 81 0.500000
6 95 0.500000
6 97 0.500000
7 8 0.500000
7 16 0.500000
7 17 0.500000
7 18 0.500000
7 20 0.500000
7 23 0.500000
7 24 0.500000
7 25 0.500000
7 27 0.500000
7 28 0.500000
7 29 0.500000
7 30 0.500000
7 31 0.500000
7 33 0.500000
7 36 0.500000
7 37 0.500000
7 38 0.500000
7 49 0.500000
7 50 0.500000
7 54 0.500000
7 72 0.500000
7 75 0.500000
7 76 0.500000
7 79 0.500000
7 87 0.500000
7 88 0.500000
7 91 0.500000
7 93 0.500000
7 94 0.500000
7 96 0.500000
8 11 0.500000
8 15 0.500000
8 16 0.500000
8 17 0.500000
8 18 0.500000
8 28 0.500000
8 29 0.500000
8 36 0.500000
8 41 0.500000
8 42 0.500000
8 44 0.500000
8 45 0.500000
8 54 0.500000
8 57 0.500000
8 64 0.500000
8 71 0.500000
8 72 0.500000
8 74 0.500000
8 77 0.500000
8 79 0.500000
8 82 0.500000
8 98 0.500000
9 10 0.500000
9 13 0.500000
9 16 0.500000
9 17 0.500000
9 19 0.500000
9 31 0.500000
9 32 0.500000
9 42 0.500000
9 49 0.500000
9 54 0.500000
9 56 0.500000
9 64 0.500000
9 68 0.500000
9 76 0.500000
9 78 0.500000
9 80 0.500000
9 84 0.500000
9 88 0.500000
9 90 0.500000
9 91 0.500000
9 96 0.500000
10 21 0.500000
10 28 0.500000
10 38 0.500000
10 40 0.500000
10 43 0.500000
10 44 0.500000
10 55 0.500000
10 58 0.500000
10 59 0.500000
10 62 0.500000
10 63 0.500000
10 70 0.500000
10 71 0.500000
10 72 0.500000
10 77 0.500000
10 83 0.500000
10 89 0.500000
10 91 0.500000
10 93 0.500000
11 15 0.500000
11 21 0.500000
11 23 0.500000
11 25 0.500000
11 26 0.500000
11 28 0.500000
11 29 0.500000
11 34 0.500000
11 37 0.500000
11 41 0.500000
11 42 0.500000
11 43 0.500000
11 45 0.500000
11 49 0.500000
11 68 0.500000
11 69 0.500000
11 72 0.500000
11 74 0.500000
11 79 0.500000
11 85 0.500000
11 87 0.500000
11 93 0.500000
11 99 0.500000
12 17 0.500000
12 19 0.500000
12 21 0.500000
12 35 0.500000
12 36 0.500000
12 41 0.500000
12 50 0.500000
12 58 0.500000
12 61 0.500000
12 66 0.500000
12 67 0.500000
12 68 0.500000
12 72 0.500000
12 73 0.500000
12 76 0.500000
12 77 0.500000
12 78 0.500000
12 82 0.500000
12 86 0.500000
12 88 0.500000
12 89 0.500000
12 91 0.500000
12 93 0.500000
12 97 0.500000
12 99 0.500000
13 17 0.500000
13 18 0.500000
13 23 0.500000
13 24 0.500000
13 25 0.500000
13 28 0.500000
13 32 0.500000
13 41 0.500000
13 43 0.500000
13 45 0.500000
13 51 0.500000
13 52 0.500000
13 55 0.500000
13 61 0.500000
13 63 0.500000
13 65 0.500000
13 72 0.500000
13 76 0.500000
13 87 0.500000
13 88 0.500000
13 89 0.500000
13 90 0.500000
13 94 0.500000
13 99 0.500000
14 17 0.500000
14 18 0.500000
14 19 0.500000
14 20 0.500000
14 28 0.500000
14 30 0.500000
14 33 0.500000
14 36 0.500000
14 44 0.500000
14 48 0.500000
14 53 0.500000
14 64 0.500000
14 67 0.500000
14 72 0.500000
14 83 0.500000
14 84 0.500000
14 85 0.500000
14 94 0.500000
14 96 0.500000
15 18 0.500000
15 19 0.500000
15 20 0.500000
15 23 0.500000
15 27 0.500000
15 33 0.500000
15 35 0.500000
15 36 0.500000
15 50 0.500000
15 52 0.500000
15 56 0.500000
15 57 0.500000
15 62 0.500000
15 68 0.500000
15 70 0.500000
15 71 0.500000
15 73 0.500000
15 79 0.500000
15 90 0.500000
15 92 0.500000
15 93 0.500000
15 97 0.500000
16 18 0.500000
16 35 0.500000
16 42 0.500000
16 46 0.500000
16 57 0.500000
16 62 0.500000
16 69 0.500000
16 77 0.500000
16 78 0.500000
16 79 0.500000
16 80 0.500000
16 88 0.500000
16 89 0.500000
16 94 0.500000
16 96 0.500000
16 99 0.500000
16 100 0.500000
17 19 0.500000
17 21 0.500000
17 24 0.500000
17 25 0.500000
17 29 0.500000
17 35 0.500000
17 43 0.500000
17 44 0.500000
17 45 0.500000
17 52 0.500000
17 54 0.500000
17 61 0.500000
17 62 0.500000
17 70 0.500000
17 78 0.500000
17 83 0.500000
17 89 0.500000
17 91 0.500000
17 99 0.500000
18 22 0.500000
18 25 0.500000
18 28 0.500000
18 32 0.500000
18 36 0.500000
18 37 0.500000
18 38 0.500000
18 44 0.500000
18 58 0.500000
18 59 0.500000
18 65 0.500000
18 67 0.500000
18 78 0.500000
18 85 0.500000
18 86 0.500000
18 91 0.500000
18 96 0.500000
18 97 0.500000
19 20 0.500000
19 25 0.500000
19 26 0.500000
19 32 0.500000
19 34 0.500000
19 41 0.500000
19 45 0.500000
19 50 0.500000
19 52 0.500000
19 59 0.500000
19 66 0.500000
19 70 0.500000
19 71 0.500000
19 80 0.500000
19 83 0.500000
19 85 0.500000
19 91 0.500000
19 92 0.500000
19 100 0.500000
20 23 0.500000
20 30 0.500000
20 31 0.500000
20 33 0.500000
20 37 0.500000
20 38 0.500000
20 39 0.500000
20 46 0.500000
20 47 0.500000
20 57 0.500000
20 58 0.500000
20 64 0.500000
20 67 0.500000
20 71 0.500000
20 73 0.500000
20 75 0.500000
20 77 0.500000
20 79 0.500000
20 88 0.500000
20 95 0.500000
21 22 0.500000
21 23 0.500000
21 28 0.500000
21 36 0.500000
21 45 0.500000
21 47 0.500000
21 53 0.500000
21 54 0.500000
21 55 0.500000
21 69 0.500000
21 70 0.500000
21 71 0.500000
21 72 0.500000
21 73 0.500000
21 75 0.500000
21 76 0.500000
21 81 0.500000
21 82 0.500000
21 95 0.500000
21 96 0.500000
21 99 0.500000
22 24 0.500000
22 25 0.500000
22 29 0.500000
22 31 0.500000
22 34 0.500000
22 35 0.500000
22 36 0.500000
22 38 0.500000
22 39 0.500000
22 47 0.500000
22 48 0.500000
22 50 0.500000
22 51 0.500000
22 53 0.500000
22 54 0.500000
22 56 0.500000
22 57 0.500000
22 65 0.500000
22 69 0.500000
22 72 0.500000
22 77 0.500000
22 83 0.500000
22 87 0.500000
22 90 0.500000
23 25 0.500000
23 31 0.500000
23 36 0.500000
23 40 0.500000
23 42 0.500000
23 46 0.500000
23 50 0.500000
23 52 0.500000
23 55 0.500000
23 57 0.500000
23 59 0.500000
23 62 0.500000
23 63 0.500000
23 70 0.500000
23 75 0.500000
23 77 0.500000
23 91 0.500000
23 92 0.500000
23 93 0.500000
23 97 0.500000
24 26 0.500000
24 32 0.500000
24 36 0.500000
24 48 0.500000
24 49 0.500000
24 52 0.500000
24 54 0.500000
24 56 0.500000
24 60 0.500000
24 64 0.500000
24 65 0.500000
24 69 0.500000
24 71 0.500000
24 77 0.500000
24 78 0.500000
24 79 0.500000
24 84 0.500000
24 93 0.500000
24 95 0.500000
24 100 0.500000
25 32 0.500000
25 35 0.500000
25 36 0.500000
25 41 0.500000
25 43 0.500000
25 48 0.500000
25 51 0.500000
25 58 0.500000
25 73 0.500000
25 79 0.500000
25 81 0.500000
25 87 0.500000
25 88 0.500000
25 98 0.500000
25 100 0.500000
26 27 0.500000
26 30 0.500000
26 34 0.500000
26 49 0.500000
26 50 0.500000
26 51 0.500000
26 53 0.500000
26 62 0.500000
26 72 0.500000
26 76 0.500000
26 81 0.500000
26 82 0.500000
26 92 0.500000
26 94 0.500000
26 99 0.500000
27 43 0.500000
27 46 0.500000
27 48 0.500000
27 52 0.500000
27 55 0.500000
27 57 0.500000
27 61 0.500000
27 63 0.500000
27 68 0.500000
27 75 0.500000
27 81 0.500000
27 89 0.500000
27 93 0.500000
27 95 0.500000
27 96 0.500000
27 99 0.500000
28 30 0.500000
28 40 0.500000
28 48 0.500000
28 53 0.500000
28 54 0.500000
28 55 0.500000
28 56 0.500000
28 59 0.500000
28 60 0.500000
28 65 0.500000
28 66 0.500000
28 67 0.500000
28 71 0.500000
28 74 0.500000
28 76 0.500000
28 82 0.500000
28 89 0.500000
28 93 0.500000
28 96 0.500000
28 99 0.500000
29 30 0.500000
29 31 0.500000
29 36 0.500000
29 41 0.500000
29 45 0.500000
29 49 0.500000
29 55 0.500000
29 58 0.500000
29 66 0.500000
29 76 0.500000
29 79 0.500000
29 81 0.500000
29 84 0.500000
29 89 0.500000
29 93 0.500000
29 94 0.500000
29 98 0.500000
29 100 0.500000
30 37 0.500000
30 42 0.500000
30 43 0.500000
30 45 0.500000
30 47 0.500000
30 53 0.500000
30 54 0.500000
30 56 0.500000
30 62 0.500000
30 67 0.500000
30 84 0.500000
30 91 0.500000
31 36 0.500000
31 38 0.500000
31 40 0.500000
31 44 0.500000
31 45 0.500000
31 46 0.500000
31 47 0.500000
31 53 0.500000
31 55 0.500000
31 56 0.500000
31 58 0.500000
31 60 0.500000
31 76 0.500000
31 79 0.500000
31 80 0.500000
31 81 0.500000
31 82 0.500000
31 84 0.500000
31 89 0.500000
31 94 0.500000
31 97 0.500000
31 98 0.500000
32 33 0.500000
32 44 0.500000
32 45 0.500000
32 48 0.500000
32 49 0.500000
32 52 0.500000
32 53 0.500000
32 55 0.500000
32 62 0.500000
32 63 0.500000
32 69 0.500000
32 70 0.500000
32 73 0.500000
32 75 0.500000
32 77 0.500000
32 81 0.500000
32 82 0.500000
32 83 0.500000
33 44 0.500000
33 45 0.500000
33 47 0.500000
33 48 0.500000
33 60 0.500000
33 63 0.500000
33 67 0.500000
33 68 0.500000
33 73 0.500000
33 74 0.500000
33 85 0.500000
33 89 0.500000
33 90 0.500000
33 91 0.500000
33 96 0.500000
33 97 0.500000
33 98 0.500000
33 99 0.500000
33 100 0.500000
34 35 0.500000
34 37 0.500000
34 40 0.500000
34 41 0.500000
34 42 0.500000
34 45 0.500000
34 48 0.500000
34 53 0.500000
34 54 0.500000
34 62 0.500000
34 66 0.500000
34 67 0.500000
34 71 0.500000
34 75 0.500000
34 77 0.500000
34 86 0.500000
34 89 0.500000
34 91 0.500000
34 92 0.500000
34 93 0.500000
34 98 0.500000
34 99 0.500000
35 46 0.500000
35 59 0.500000
35 61 0.500000
35 63 0.500000
35 67 0.500000
35 76 0.500000
35 79 0.500000
35 81 0.500000
35 82 0.500000
35 83 0.500000
35 86 0.500000
35 99 0.500000
36 42 0.500000
36 45 0.500000
36 48 0.500000
36 49 0.500000
36 50 0.500000
36 59 0.500000
36 63 0.500000
36 65 0.500000
36 66 0.500000
36 68 0.500000
36 72 0.500000
36 73 0.500000
36 76 0.500000
36 77 0.500000
36 81 0.500000
36 83 0.500000
36 87 0.500000
36 94 0.500000
36 100 0.500000
37 40 0.500000
37 43 0.500000
37 54 0.500000
37 57 0.500000
37 60 0.500000
37 71 0.500000
37 72 0.500000
37 74 0.500000
37 78 0.500000
37 82 0.500000
37 86 0.500000
37 95 0.500000
38 40 0.500000
38 44 0.500000
38 52 0.500000
38 56 0.500000
38 60 0.500000
38 65 0.500000
38 66 0.500000
38 71 0.500000
38 80 0.500000
38 81 0.500000
38 82 0.500000
38 87 0.500000
38 99 0.500000
38 100 0.500000
39 40 0.500000
39 42 0.500000
39 50 0.500000
39 51 0.500000
39 60 0.500000
39 67 0.500000
39 68 0.500000
39 69 0.500000
39 70 0.500000
39 74 0.500000
39 76 0.500000
39 79 0.500000
39 81 0.500000
39 88 0.500000
39 95 0.500000
39 96 0.500000
40 44 0.500000
40 45 0.500000
40 49 0.500000
40 52 0.500000
40 57 0.500000
40 68 0.500000
40 70 0.500000
40 72 0.500000
40 80 0.500000
40 84 0.500000
40 87 0.500000
40 88 0.500000
40 91 0.500000
40 95 0.500000
41 42 0.500000
41 43 0.500000
41 45 0.500000
41 47 0.500000
41 49 0.500000
41 53 0.500000
41 54 0.500000
41 58 0.500000
41 59 0.500000
41 65 0.500000
41 68 0.500000
41 70 0.500000
41 76 0.500000
41 78 0.500000
41 79 0.500000
41 84 0.500000
41 87 0.500000
41 96 0.500000
41 97 0.500000
41 98 0.500000
42 44 0.500000
42 58 0.500000
42 64 0.500000
42 65 0.500000
42 66 0.500000
42 77 0.500000
42 79 0.500000
42 85 0.500000
42 88 0.500000
42 93 0.500000
42 95 0.500000
42 97 0.500000
42 99 0.500000
42 100 0.500000
43 50 0.500000
43 52 0.500000
43 57 0.500000
43 58 0.500000
43 63 0.500000
43 66 0.500000
43 68 0.500000
43 70 0.500000
43 75 0.500000
43 76 0.500000
43 79 0.500000
43 85 0.500000
43 90 0.500000
43 91 0.500000
43 94 0.500000
44 48 0.500000
44 52 0.500000
44 56 0.500000
44 68 0.500000
44 71 0.500000
44 72 0.500000
44 75 0.500000
44 76 0.500000
44 77 0.500000
44 80 0.500000
44 94 0.500000
44 95 0.500000
44 97 0.500000
44 99 0.500000
45 46 0.500000
45 47 0.500000
45 51 0.500000
45 66 0.500000
45 74 0.500000
45 75 0.500000
45 77 0.500000
45 79 0.500000
45 80 0.500000
45 82 0.500000
45 90 0.500000
45 96 0.500000
45 99 0.500000
46 49 0.500000
46 70 0.500000
46 72 0.500000
46 79 0.500000
46 97 0.500000
46 99 0.500000
47 56 0.500000
47 66 0.500000
47 76 0.500000
47 78 0.500000
47 83 0.500000
47 84 0.500000
47 86 0.500000
47 91 0.500000
47 92 0.500000
47 96 0.500000
48 56 0.500000
48 59 0.500000
48 60 0.500000
48 61 0.500000
48 64 0.500000
48 65 0.500000
48 68 0.500000
48 81 0.500000
48 83 0.500000
49 52 0.500000
49 56 0.500000
49 68 0.500000
49 86 0.500000
49 89 0.500000
49 97 0.500000
50 54 0.500000
50 57 0.500000
50 58 0.500000
50 59 0.500000
50 64 0.500000
50 65 0.500000
50 66 0.500000
50 68 0.500000
50 70 0.500000
50 71 0.500000
50 74 0.500000
50 79 0.500000
50 82 0.500000
50 83 0.500000
50 91 0.500000
50 92 0.500000
50 97 0.500000
51 52 0.500000
51 71 0.500000
51 74 0.500000
51 79 0.500000
51 83 0.500000
51 85 0.500000
51 91 0.500000
51 93 0.500000
51 100 0.500000
52 54 0.500000
52 59 0.500000
52 63 0.500000
52 67 0.500000
52 72 0.500000
52 79 0.500000
52 80 0.500000
52 81 0.500000
52 85 0.500000
52 88 0.500000
52 89 0.500000
52 96 0.500000
52 99 0.500000
53 71 0.500000
53 72 0.500000
53 73 0.500000
53 75 0.500000
53 80 0.500000
53 82 0.500000
53 83 0.500000
53 84 0.500000
53 86 0.500000
53 87 0.500000
53 89 0.500000
53 91 0.500000
53 98 0.500000
53 99 0.500000
54 57 0.500000
54 59 0.500000
54 60 0.500000
54 64 0.500000
54 67 0.500000
54 68 0.500000
54 71 0.500000
54 73 0.500000
54 75 0.500000
54 77 0.500000
54 79 0.500000
54 81 0.500000
54 85 0.500000
54 88 0.500000
54 98 0.500000
55 61 0.500000
55 64 0.500000
55 65 0.500000
55 66 0.500000
55 68 0.500000
55 80 0.500000
55 83 0.500000
55 84 0.500000
55 90 0.500000
55 93 0.500000
55 95 0.500000
56 57 0.500000
56 66 0.500000
56 82 0.500000
56 91 0.500000
56 93 0.500000
57 58 0.500000
57 59 0.500000
57 61 0.500000
57 68 0.500000
57 71 0.500000
57 73 0.500000
57 80 0.500000
57 84 0.500000
57 91 0.500000
57 99 0.500000
58 65 0.500000
58 66 0.500000
58 72 0.500000
58 79 0.500000
58 80 0.500000
58 85 0.500000
58 89 0.500000
58 93 0.500000
59 61 0.500000
59 62 0.500000
59 64 0.500000
59 66 0.500000
59 67 0.500000
59 70 0.500000
59 71 0.500000
59 73 0.500000
59 81 0.500000
59 82 0.500000
59 84 0.500000
59 88 0.500000
59 89 0.500000
59 90 0.500000
59 93 0.500000
59 96 0.500000
59 100 0.500000
60 62 0.500000
60 64 0.500000
60 70 0.500000
60 72 0.500000
60 78 0.500000
60 79 0.500000
60 82 0.500000
60 86 0.500000
60 90 0.500000
60 91 0.500000
60 92 0.500000
60 93 0.500000
60 98 0.500000
61 62 0.500000
61 66 0.500000
61 67 0.500000
61 83 0.500000
61 87 0.500000
61 90 0.500000
61 91 0.500000
61 96 0.500000
61 97 0.500000
62 69 0.500000
62 74 0.500000
62 78 0.500000
62 80 0.500000
62 82 0.500000
62 88 0.500000
62 92 0.500000
62 93 0.500000
62 94 0.500000
62 100 0.500000
63 65 0.500000
63 71 0.500000
63 74 0.500000
63 79 0.500000
63 80 0.500000
63 86 0.500000
63 88 0.500000
63 90 0.500000
63 94 0.500000
63 96 0.500000
63 100 0.500000
64 71 0.500000
64 74 0.500000
64 77 0.500000
64 80 0.500000
64 88 0.500000
64 89 0.500000
64 92 0.500000
64 96 0.500000
64 98 0.500000
64 99 0.500000
65 67 0.500000
65 71 0.500000
65 72 0.500000
65 75 0.500000
65 77 0.500000
65 84 0.500000
65 85 0.500000
65 86 0.500000
65 89 0.500000
65 90 0.500000
65 92 0.500000
65 95 0.500000
66 73 0.500000
66 81 0.500000
66 84 0.500000
66 86 0.500000
66 87 0.500000
66 88 0.500000
66 89 0.500000
66 92 0.500000
66 99 0.500000
67 69 0.500000
67 71 0.500000
67 73 0.500000
67 74 0.500000
67 75 0.500000
67 77 0.500000
67 80 0.500000
67 81 0.500000
67 85 0.500000
67 87 0.500000
67 89 0.500000
67 93 0.500000
67 95 0.500000
67 97 0.500000
67 100 0.500000
68 71 0.500000
68 78 0.500000
68 83 0.500000
68 84 0.500000
68 93 0.500000
68 94 0.500000
68 95 0.500000
68 99 0.500000
68 100 0.500000
69 72 0.500000
69 73 0.500000
69 74 0.500000
69 90 0.500000
69 92 0.500000
69 93 0.500000
69 94 0.500000
69 99 0.500000
69 100 0.500000
70 72 0.500000
70 74 0.500000
70 75 0.500000
70 76 0.500000
70 78 0.500000
70 80 0.500000
70 82 0.500000
70 85 0.500000
70 87 0.500000
70 89 0.500000
70 91 0.500000
70 98 0.500000
71 72 0.500000
71 73 0.500000
71 75 0.500000
71 76 0.500000
71 78 0.500000
71 80 0.500000
71 82 0.500000
71 86 0.500000
71 91 0.500000
71 95 0.500000
72 73 0.500000
72 79 0.500000
72 87 0.500000
72 89 0.500000
72 98 0.500000
73 75 0.500000
73 77 0.500000
73 81 0.500000
73 87 0.500000
73 97 0.500000
74 75 0.500000
74 81 0.500000
74 82 0.500000
74 83 0.500000
74 84 0.500000
74 86 0.500000
74 89 0.500000
74 96 0.500000
74 97 0.500000
75 76 0.500000
75 79 0.500000
75 83 0.500000
75 84 0.500000
75 89 0.500000
75 90 0.500000
75 95 0.500000
75 98 0.500000
76 77 0.500000
76 80 0.500000
76 81 0.500000
76 96 0.500000
76 97 0.500000
77 80 0.500000
77 82 0.500000
77 83 0.500000
77 84 0.500000
77 87 0.500000
77 88 0.500000
77 90 0.500000
77 92 0.500000
77 93 0.500000
77 98 0.500000
78 81 0.500000
78 87 0.500000
78 91 0.500000
78 97 0.500000
78 99 0.500000
79 80 0.500000
79 85 0.500000
79 87 0.500000
79 88 0.500000
79 99 0.500000
80 84 0.500000
80 88 0.500000
80 92 0.500000
80 99 0.500000
81 84 0.500000
81 85 0.500000
81 88 0.500000
81 90 0.500000
81 96 0.500000
82 88 0.500000
82 90 0.500000
82 91 0.500000
82 92 0.500000
83 84 0.500000
83 85 0.500000
83 87 0.500000
83 88 0.500000
84 92 0.500000
84 97 0.500000
85 87 0.500000
85 89 0.500000
85 100 0.500000
86 94 0.500000
86 100 0.500000
87 89 0.500000
87 92 0.500000
88 93 0.500000
88 98 0.500000
89 92 0.500000
89 97 0.500000
89 98 0.500000
90 91 0.500000
90 95 0.500000
91 95 0.500000
92 97 0.500000
92 98 0.500000
92 100 0.500000
93 98 0.500000
93 100 0.500000
94 97 0.500000
94 98 0.500000
94 99 0.500000
94 100 0.500000
95 100 0.500000
99 100 0.500000
