100 75 2496
1 3 0.500000
1 4 0.500000
1 5 0.500000
1 9 0.500000
1 11 0.500000
1 14 0.500000
1 15 0.500000
1 16 0.500000
1 17 0.500000
1 18 0.500000
1 19 0.500000
1 21 0.500000
1 23 0.500000
1 24 0.500000
1 25 0.500000
1 27 0.500000
1 28 0.500000
1 29 0.500000
1 30 0.500000
1 33 0.500000
1 35 0.500000
1 36 0.500000
1 37 0.500000
1 39 0.500000
1 40 0.500000
1 42 0.500000
1 44 0.500000
1 49 0.500000
1 51 0.500000
1 54 0.500000
1 59 0.500000
1 60 0.500000
1 61 0.500000
1 62 0.500000
1 63 0.500000
1 67 0.500000
1 68 0.500000
1 69 0.500000
1 70 0.500000
1 72 0.500000
1 73 0.500000
1 74 0.500000
1 77 0.500000
1 81 0.500000
1 82 0.500000
1 84 0.500000
1 86 0.500000
1 87 0.500000
1 90 0.500000
1 92 0.500000
1 94 0.500000
1 97 0.500000
1 99 0.500000
1 100 0.500000
2 3 0.500000
2 4 0.500000
2 5 0.500000
2 9 0.500000
2 10 0.500000
2 12 0.500000
2 15 0.500000
2 17 0.500000
2 18 0.500000
2 20 0.500000
2 25 0.500000
2 26 0.500000
2 27 0.500000
2 28 0.500000
2 33 0.500000
2 35 0.500000
2 36 0.500000
2 38 0.500000
2 39 0.500000
2 40 0.500000
2 41 0.500000
2 44 0.500000
2 45 0.500000
2 47 0.500000
2 48 0.500000
2 50 0.500000
2 52 0.500000
2 53 0.500000
2 60 0.500000
2 61 0.500000
2 62 0.500000
2 63 0.500000
2 64 0.500000
2 65 0.500000
2 66 0.500000
2 67 0.500000
2 68 0.500000
2 71 0.500000
2 72 0.500000
2 73 0.500000
2 75 0.500000
2 76 0.500000
2 81 0.500000
2 82 0.500000
2 83 0.500000
2 85 0.500000
2 86 0.500000
2 89 0.500000
2 90 0.500000
2 92 0.500000
2 94 0.500000
2 96 0.500000
2 100 0.500000
3 5 0.500000
3 6 0.500000
3 8 0.500000
3 10 0.500000
3 11 0.500000
3 13 0.500000
3 14 0.500000
3 15 0.500000
3 17 0.500000
3 18 0.500000
3 19 0.500000
3 26 0.500000
3 27 0.500000
3 29 0.500000
3 30 0.500000
3 37 0.500000
3 44 0.500000
3 45 0.500000
3 47 0.500000
3 50 0.500000
3 53 0.500000
3 62 0.500000
3 64 0.500000
3 65 0.500000
3 66 0.500000
3 67 0.500000
3 68 0.500000
3 69 0.500000
3 75 0.500000
3 76 0.500000
3 77 0.500000
3 78 0.500000
3 79 0.500000
3 80 0.500000
3 82 0.500000
3 84 0.500000
3 87 0.500000
3 88 0.500000
3 90 0.500000
3 92 0.500000
3 97 0.500000
3 98 0.500000
4 10 0.500000
4 12 0.500000
4 14 0.500000
4 16 0.500000
4 17 0.500000
4 18 0.500000
4 19 0.500000
4 20 0.500000
4 21 0.500000
4 25 0.500000
4 26 0.500000
4 29 0.500000
4 34 0.500000
4 35 0.500000
4 36 0.500000
4 37 0.500000
4 39 0.500000
4 40 0.500000
4 42 0.500000
4 43 0.500000
4 45 0.500000
4 46 0.500000
4 47 0.500000
4 52 0.500000
4 54 0.500000
4 58 0.500000
4 60 0.500000
4 62 0.500000
4 65 0.500000
4 68 0.500000
4 69 0.500000
4 71 0.500000
4 72 0.500000
4 73 0.500000
4 74 0.500000
4 76 0.500000
4 80 0.500000
4 81 0.500000
4 82 0.500000
4 85 0.500000
4 87 0.500000
4 89 0.500000
4 91 0.500000
4 92 0.500000
4 93 0.500000
4 94 0.500000
4 95 0.500000
4 96 0.500000
4 97 0.500000
4 100 0.500000
5 6 0.500000
5 8 0.500000
5 10 0.500000
5 11 0.500000
5 13 0.500000
5 14 0.500000
5 16 0.500000
5 17 0.500000
5 18 0.500000
5 20 0.500000
5 21 0.500000
5 22 0.500000
5 27 0.500000
5 28 0.500000
5 30 0.500000
5 32 0.500000
5 35 0.500000
5 38 0.500000
5 40 0.500000
5 41 0.500000
5 44 0.500000
5 45 0.500000
5 46 0.500000
5 47 0.500000
5 48 0.500000
5 49 0.500000
5 52 0.500000
5 53 0.500000
5 54 0.500000
5 56 0.500000
5 57 0.500000
5 63 0.500000
5 64 0.500000
5 67 0.500000
5 72 0.500000
5 76 0.500000
5 77 0.500000
5 78 0.500000
5 79 0.500000
5 80 0.500000
5 81 0.500000
5 82 0.500000
5 83 0.500000
5 84 0.500000
5 86 0.500000
5 92 0.500000
5 94 0.500000
5 97 0.500000
5 99 0.500000
6 7 0.500000
6 10 0.500000
6 15 0.500000
6 17 0.500000
6 19 0.500000
6 20 0.500000
6 21 0.500000
6 23 0.500000
6 24 0.500000
6 26 0.500000
6 27 0.500000
6 28 0.500000
6 33 0.500000
6 36 0.500000
6 43 0.500000
6 48 0.500000
6 50 0.500000
6 52 0.500000
6 54 0.500000
6 56 0.500000
6 57 0.500000
6 58 0.500000
6 59 0.500000
6 61 0.500000
6 62 0.500000
6 63 0.500000
6 64 0.500000
6 65 0.500000
6 66 0.500000
6 68 0.500000
6 72 0.500000
6 73 0.500000
6 74 0.500000
6 77 0.500000
6 82 0.500000
6 83 0.500000
6 84 0.500000
6 85 0.500000
6 88 0.500000
6 89 0.500000
6 90 0.500000
6 95 0.500000
6 97 0.500000
6 98 0.500000
6 100 0.500000
7 9 0.500000
7 14 0.500000
7 15 0.500000
7 18 0.500000
7 19 0.500000
7 21 0.500000
7 22 0.500000
7 24 0.500000
7 26 0.500000
7 27 0.500000
7 29 0.500000
7 33 0.500000
7 35 0.500000
7 36 0.500000
7 37 0.500000
7 39 0.500000
7 41 0.500000
7 42 0.500000
7 43 0.500000
7 44 0.500000
7 46 0.500000
7 48 0.500000
7 50 0.500000
7 55 0.500000
7 60 0.500000
7 62 0.500000
7 63 0.500000
7 66 0.500000
7 67 0.500000
7 68 0.500000
7 69 0.500000
7 70 0.500000
7 71 0.500000
7 72 0.500000
7 73 0.500000
7 75 0.500000
7 77 0.500000
7 78 0.500000
7 79 0.500000
7 83 0.500000
7 87 0.500000
7 88 0.500000
7 90 0.500000
7 91 0.500000
7 93 0.500000
7 94 0.500000
7 96 0.500000
7 99 0.500000
7 100 0.500000
8 11 0.500000
8 12 0.500000
8 14 0.500000
8 15 0.500000
8 17 0.500000
8 23 0.500000
8 31 0.500000
8 33 0.500000
8 35 0.500000
8 36 0.500000
8 39 0.500000
8 40 0.500000
8 42 0.500000
8 43 0.500000
8 45 0.500000
8 46 0.500000
8 47 0.500000
8 48 0.500000
8 53 0.500000
8 55 0.500000
8 61 0.500000
8 63 0.500000
8 65 0.500000
8 66 0.500000
8 67 0.500000
8 68 0.500000
8 71 0.500000
8 74 0.500000
8 75 0.500000
8 76 0.500000
8 78 0.500000
8 79 0.500000
8 80 0.500000
8 81 0.500000
8 82 0.500000
8 84 0.500000
8 85 0.500000
8 88 0.500000
8 90 0.500000
8 92 0.500000
8 93 0.500000
8 94 0.500000
8 95 0.500000
8 96 0.500000
8 98 0.500000
8 99 0.500000
8 100 0.500000
9 10 0.500000
9 11 0.500000
9 12 0.500000
9 14 0.500000
9 15 0.500000
9 16 0.500000
9 19 0.500000
9 20 0.500000
9 21 0.500000
9 22 0.500000
9 23 0.500000
9 25 0.500000
9 26 0.500000
9 27 0.500000
9 28 0.500000
9 29 0.500000
9 30 0.500000
9 31 0.500000
9 32 0.500000
9 35 0.500000
9 39 0.500000
9 41 0.500000
9 42 0.500000
9 47 0.500000
9 48 0.500000
9 49 0.500000
9 54 0.500000
9 57 0.500000
9 62 0.500000
9 63 0.500000
9 67 0.500000
9 68 0.500000
9 70 0.500000
9 73 0.500000
9 78 0.500000
9 79 0.500000
9 80 0.500000
9 81 0.500000
9 82 0.500000
9 87 0.500000
9 91 0.500000
9 92 0.500000
9 97 0.500000
9 98 0.500000
9 99 0.500000
10 11 0.500000
10 12 0.500000
10 13 0.500000
10 14 0.500000
10 16 0.500000
10 19 0.500000
10 20 0.500000
10 21 0.500000
10 22 0.500000
10 23 0.500000
10 25 0.500000
10 28 0.500000
10 29 0.500000
10 33 0.500000
10 36 0.500000
10 37 0.500000
10 42 0.500000
10 44 0.500000
10 45 0.500000
10 49 0.500000
10 50 0.500000
10 51 0.500000
10 52 0.500000
10 53 0.500000
10 55 0.500000
10 57 0.500000
10 59 0.500000
10 60 0.500000
10 63 0.500000
10 64 0.500000
10 65 0.500000
10 66 0.500000
10 70 0.500000
10 71 0.500000
10 72 0.500000
10 73 0.500000
10 75 0.500000
10 77 0.500000
10 79 0.500000
10 81 0.500000
10 85 0.500000
10 87 0.500000
10 89 0.500000
10 91 0.500000
10 93 0.500000
10 94 0.500000
10 96 0.500000
10 97 0.500000
10 98 0.500000
10 99 0.500000
11 12 0.500000
11 13 0.500000
11 14 0.500000
11 15 0.500000
11 17 0.500000
11 19 0.500000
11 20 0.500000
11 21 0.500000
11 23 0.500000
11 28 0.500000
11 29 0.500000
11 32 0.500000
11 33 0.500000
11 35 0.500000
11 37 0.500000
11 38 0.500000
11 43 0.500000
11 44 0.500000
11 45 0.500000
11 46 0.500000
11 53 0.500000
11 54 0.500000
11 55 0.500000
11 56 0.500000
11 58 0.500000
11 63 0.500000
11 64 0.500000
11 67 0.500000
11 69 0.500000
11 72 0.500000
11 74 0.500000
11 75 0.500000
11 76 0.500000
11 77 0.500000
11 78 0.500000
11 81 0.500000
11 87 0.500000
11 88 0.500000
11 90 0.500000
11 91 0.500000
11 92 0.500000
11 93 0.500000
11 95 0.500000
11 96 0.500000
11 98 0.500000
11 100 0.500000
12 13 0.500000
12 15 0.500000
12 16 0.500000
12 21 0.500000
12 22 0.500000
12 23 0.500000
12 26 0.500000
12 28 0.500000
12 29 0.500000
12 31 0.500000
12 32 0.500000
12 33 0.500000
12 35 0.500000
12 37 0.500000
12 38 0.500000
12 45 0.500000
12 46 0.500000
12 47 0.500000
12 50 0.500000
12 51 0.500000
12 54 0.500000
12 58 0.500000
12 60 0.500000
12 61 0.500000
12 63 0.500000
12 67 0.500000
12 68 0.500000
12 69 0.500000
12 71 0.500000
12 72 0.500000
12 73 0.500000
12 74 0.500000
12 75 0.500000
12 76 0.500000
12 78 0.500000
12 79 0.500000
12 81 0.500000
12 82 0.500000
12 85 0.500000
12 86 0.500000
12 89 0.500000
12 90 0.500000
12 91 0.500000
12 94 0.500000
12 96 0.500000
12 99 0.500000
13 15 0.500000
13 16 0.500000
13 18 0.500000
13 19 0.500000
13 20 0.500000
13 22 0.500000
13 24 0.500000
13 26 0.500000
13 27 0.500000
13 29 0.500000
13 33 0.500000
13 34 0.500000
13 36 0.500000
13 37 0.500000
13 39 0.500000
13 40 0.500000
13 44 0.500000
13 45 0.500000
13 47 0.500000
13 48 0.500000
13 49 0.500000
13 50 0.500000
13 51 0.500000
13 53 0.500000
13 57 0.500000
13 59 0.500000
13 66 0.500000
13 67 0.500000
13 71 0.500000
13 73 0.500000
13 74 0.500000
13 75 0.500000
13 76 0.500000
13 79 0.500000
13 80 0.500000
13 82 0.500000
13 84 0.500000
13 85 0.500000
13 86 0.500000
13 88 0.500000
13 90 0.500000
13 94 0.500000
13 95 0.500000
14 17 0.500000
14 21 0.500000
14 23 0.500000
14 24 0.500000
14 29 0.500000
14 32 0.500000
14 35 0.500000
14 38 0.500000
14 39 0.500000
14 40 0.500000
14 41 0.500000
14 42 0.500000
14 43 0.500000
14 44 0.500000
14 46 0.500000
14 50 0.500000
14 56 0.500000
14 57 0.500000
14 60 0.500000
14 61 0.500000
14 63 0.500000
14 64 0.500000
14 67 0.500000
14 68 0.500000
14 70 0.500000
14 72 0.500000
14 73 0.500000
14 74 0.500000
14 75 0.500000
14 82 0.500000
14 85 0.500000
14 86 0.500000
14 87 0.500000
14 88 0.500000
14 89 0.500000
14 90 0.500000
14 91 0.500000
14 92 0.500000
14 93 0.500000
14 94 0.500000
14 98 0.500000
14 100 0.500000
15 16 0.500000
15 18 0.500000
15 19 0.500000
15 20 0.500000
15 23 0.500000
15 24 0.500000
15 27 0.500000
15 31 0.500000
15 34 0.500000
15 36 0.500000
15 37 0.500000
15 39 0.500000
15 40 0.500000
15 41 0.500000
15 42 0.500000
15 43 0.500000
15 44 0.500000
15 45 0.500000
15 46 0.500000
15 47 0.500000
15 48 0.500000
15 50 0.500000
15 51 0.500000
15 52 0.500000
15 53 0.500000
15 54 0.500000
15 55 0.500000
15 56 0.500000
15 57 0.500000
15 61 0.500000
15 64 0.500000
15 66 0.500000
15 67 0.500000
15 68 0.500000
15 73 0.500000
15 76 0.500000
15 77 0.500000
15 79 0.500000
15 80 0.500000
15 81 0.500000
15 85 0.500000
15 86 0.500000
15 87 0.500000
15 88 0.500000
15 91 0.500000
15 93 0.500000
15 95 0.500000
15 99 0.500000
16 17 0.500000
16 18 0.500000
16 20 0.500000
16 24 0.500000
16 26 0.500000
16 29 0.500000
16 30 0.500000
16 31 0.500000
16 33 0.500000
16 34 0.500000
16 35 0.500000
16 38 0.500000
16 41 0.500000
16 42 0.500000
16 44 0.500000
16 47 0.500000
16 49 0.500000
16 50 0.500000
16 51 0.500000
16 52 0.500000
16 55 0.500000
16 56 0.500000
16 57 0.500000
16 58 0.500000
16 60 0.500000
16 61 0.500000
16 62 0.500000
16 63 0.500000
16 64 0.500000
16 65 0.500000
16 66 0.500000
16 69 0.500000
16 70 0.500000
16 71 0.500000
16 73 0.500000
16 75 0.500000
16 77 0.500000
16 78 0.500000
16 79 0.500000
16 80 0.500000
16 81 0.500000
16 82 0.500000
16 84 0.500000
16 85 0.500000
16 86 0.500000
16 91 0.500000
16 94 0.500000
16 98 0.500000
16 99 0.500000
17 22 0.500000
17 24 0.500000
17 25 0.500000
17 28 0.500000
17 29 0.500000
17 30 0.500000
17 33 0.500000
17 35 0.500000
17 36 0.500000
17 38 0.500000
17 40 0.500000
17 42 0.500000
17 44 0.500000
17 45 0.500000
17 47 0.500000
17 50 0.500000
17 51 0.500000
17 52 0.500000
17 53 0.500000
17 55 0.500000
17 56 0.500000
17 57 0.500000
17 58 0.500000
17 59 0.500000
17 62 0.500000
17 64 0.500000
17 66 0.500000
17 69 0.500000
17 70 0.500000
17 76 0.500000
17 78 0.500000
17 79 0.500000
17 80 0.500000
17 81 0.500000
17 82 0.500000
17 84 0.500000
17 86 0.500000
17 87 0.500000
17 89 0.500000
17 90 0.500000
17 92 0.500000
17 93 0.500000
17 95 0.500000
17 98 0.500000
17 99 0.500000
17 100 0.500000
18 21 0.500000
18 23 0.500000
18 25 0.500000
18 26 0.500000
18 28 0.500000
18 33 0.500000
18 36 0.500000
18 39 0.500000
18 42 0.500000
18 47 0.500000
18 50 0.500000
18 52 0.500000
18 54 0.500000
18 55 0.500000
18 56 0.500000
18 57 0.500000
18 58 0.500000
18 60 0.500000
18 61 0.500000
18 64 0.500000
18 66 0.500000
18 67 0.500000
18 68 0.500000
18 70 0.500000
18 74 0.500000
18 75 0.500000
18 77 0.500000
18 83 0.500000
18 85 0.500000
18 86 0.500000
18 87 0.500000
18 89 0.500000
18 90 0.500000
18 91 0.500000
18 92 0.500000
18 93 0.500000
18 95 0.500000
18 98 0.500000
18 99 0.500000
19 20 0.500000
19 24 0.500000
19 27 0.500000
19 30 0.500000
19 31 0.500000
19 33 0.500000
19 35 0.500000
19 36 0.500000
19 37 0.500000
19 41 0.500000
19 42 0.500000
19 47 0.500000
19 53 0.500000
19 55 0.500000
19 57 0.500000
19 58 0.500000
19 61 0.500000
19 63 0.500000
19 65 0.500000
19 66 0.500000
19 67 0.500000
19 71 0.500000
19 72 0.500000
19 73 0.500000
19 74 0.500000
19 75 0.500000
19 76 0.500000
19 81 0.500000
19 82 0.500000
19 86 0.500000
19 87 0.500000
19 88 0.500000
19 90 0.500000
19 93 0.500000
19 95 0.500000
19 98 0.500000
19 99 0.500000
20 21 0.500000
20 22 0.500000
20 23 0.500000
20 25 0.500000
20 27 0.500000
20 29 0.500000
20 34 0.500000
20 35 0.500000
20 37 0.500000
20 38 0.500000
20 39 0.500000
20 40 0.500000
20 41 0.500000
20 42 0.500000
20 43 0.500000
20 45 0.500000
20 47 0.500000
20 49 0.500000
20 51 0.500000
20 52 0.500000
20 55 0.500000
20 58 0.500000
20 61 0.500000
20 62 0.500000
20 65 0.500000
20 66 0.500000
20 68 0.500000
20 71 0.500000
20 72 0.500000
20 73 0.500000
20 75 0.500000
20 76 0.500000
20 79 0.500000
20 84 0.500000
20 85 0.500000
20 87 0.500000
20 88 0.500000
20 91 0.500000
20 93 0.500000
20 94 0.500000
20 95 0.500000
20 96 0.500000
20 98 0.500000
21 24 0.500000
21 25 0.500000
21 26 0.500000
21 27 0.500000
21 29 0.500000
21 32 0.500000
21 36 0.500000
21 38 0.500000
21 39 0.500000
21 41 0.500000
21 42 0.500000
21 46 0.500000
21 48 0.500000
21 49 0.500000
21 50 0.500000
21 52 0.500000
21 55 0.500000
21 56 0.500000
21 58 0.500000
21 63 0.500000
21 64 0.500000
21 65 0.500000
21 67 0.500000
21 71 0.500000
21 73 0.500000
21 75 0.500000
21 77 0.500000
21 78 0.500000
21 82 0.500000
21 87 0.500000
21 88 0.500000
21 93 0.500000
21 94 0.500000
21 96 0.500000
21 98 0.500000
21 99 0.500000
22 25 0.500000
22 26 0.500000
22 27 0.500000
22 28 0.500000
22 30 0.500000
22 31 0.500000
22 32 0.500000
22 37 0.500000
22 38 0.500000
22 39 0.500000
22 40 0.500000
22 41 0.500000
22 43 0.500000
22 44 0.500000
22 46 0.500000
22 47 0.500000
22 52 0.500000
22 58 0.500000
22 59 0.500000
22 60 0.500000
22 63 0.500000
22 64 0.500000
22 65 0.500000
22 66 0.500000
22 69 0.500000
22 71 0.500000
22 72 0.500000
22 78 0.500000
22 79 0.500000
22 84 0.500000
22 85 0.500000
22 88 0.500000
22 89 0.500000
22 91 0.500000
22 94 0.500000
22 97 0.500000
22 100 0.500000
23 24 0.500000
23 25 0.500000
23 27 0.500000
23 31 0.500000
23 33 0.500000
23 34 0.500000
23 36 0.500000
23 39 0.500000
23 43 0.500000
23 44 0.500000
23 46 0.500000
23 47 0.500000
23 49 0.500000
23 54 0.500000
23 56 0.500000
23 58 0.500000
23 63 0.500000
23 65 0.500000
23 67 0.500000
23 69 0.500000
23 72 0.500000
23 74 0.500000
23 75 0.500000
23 78 0.500000
23 81 0.500000
23 82 0.500000
23 83 0.500000
23 87 0.500000
23 88 0.500000
23 89 0.500000
23 90 0.500000
23 91 0.500000
23 93 0.500000
23 94 0.500000
24 26 0.500000
24 27 0.500000
24 30 0.500000
24 31 0.500000
24 32 0.500000
24 33 0.500000
24 34 0.500000
24 35 0.500000
24 36 0.500000
24 38 0.500000
24 39 0.500000
24 40 0.500000
24 41 0.500000
24 46 0.500000
24 48 0.500000
24 49 0.500000
24 52 0.500000
24 53 0.500000
24 56 0.500000
24 58 0.500000
24 60 0.500000
24 62 0.500000
24 63 0.500000
24 65 0.500000
24 69 0.500000
24 70 0.500000
24 71 0.500000
24 72 0.500000
24 73 0.500000
24 74 0.500000
24 75 0.500000
24 77 0.500000
24 80 0.500000
24 83 0.500000
24 84 0.500000
24 85 0.500000
24 86 0.500000
24 87 0.500000
24 88 0.500000
24 91 0.500000
24 93 0.500000
24 94 0.500000
24 96 0.500000
24 100 0.500000
25 26 0.500000
25 28 0.500000
25 30 0.500000
25 34 0.500000
25 35 0.500000
25 37 0.500000
25 38 0.500000
25 40 0.500000
25 43 0.500000
25 45 0.500000
25 46 0.500000
25 48 0.500000
25 50 0.500000
25 51 0.500000
25 52 0.500000
25 53 0.500000
25 54 0.500000
25 55 0.500000
25 58 0.500000
25 59 0.500000
25 60 0.500000
25 61 0.500000
25 62 0.500000
25 67 0.500000
25 68 0.500000
25 70 0.500000
25 73 0.500000
25 74 0.500000
25 77 0.500000
25 79 0.500000
25 80 0.500000
25 82 0.500000
25 85 0.500000
25 86 0.500000
25 87 0.500000
25 90 0.500000
25 92 0.500000
25 93 0.500000
25 95 0.500000
25 98 0.500000
25 99 0.500000
26 28 0.500000
26 32 0.500000
26 39 0.500000
26 40 0.500000
26 41 0.500000
26 43 0.500000
26 46 0.500000
26 47 0.500000
26 48 0.500000
26 49 0.500000
26 50 0.500000
26 51 0.500000
26 54 0.500000
26 55 0.500000
26 57 0.500000
26 58 0.500000
26 60 0.500000
26 61 0.500000
26 65 0.500000
26 67 0.500000
26 68 0.500000
26 69 0.500000
26 70 0.500000
26 73 0.500000
26 74 0.500000
26 76 0.500000
26 77 0.500000
26 78 0.500000
26 82 0.500000
26 83 0.500000
26 86 0.500000
26 87 0.500000
26 88 0.500000
26 91 0.500000
26 92 0.500000
26 93 0.500000
26 96 0.500000
26 99 0.500000
26 100 0.500000
27 28 0.500000
27 30 0.500000
27 31 0.500000
27 32 0.500000
27 33 0.500000
27 34 0.500000
27 35 0.500000
27 37 0.500000
27 40 0.500000
27 41 0.500000
27 43 0.500000
27 45 0.500000
27 46 0.500000
27 47 0.500000
27 48 0.500000
27 52 0.500000
27 53 0.500000
27 59 0.500000
27 60 0.500000
27 63 0.500000
27 64 0.500000
27 67 0.500000
27 69 0.500000
27 70 0.500000
27 74 0.500000
27 75 0.500000
27 77 0.500000
27 78 0.500000
27 79 0.500000
27 81 0.500000
27 86 0.500000
27 87 0.500000
27 90 0.500000
27 96 0.500000
27 97 0.500000
27 99 0.500000
27 100 0.500000
28 30 0.500000
28 31 0.500000
28 32 0.500000
28 33 0.500000
28 35 0.500000
28 37 0.500000
28 38 0.500000
28 39 0.500000
28 40 0.500000
28 41 0.500000
28 43 0.500000
28 45 0.500000
28 46 0.500000
28 49 0.500000
28 51 0.500000
28 53 0.500000
28 54 0.500000
28 60 0.500000
28 61 0.500000
28 64 0.500000
28 70 0.500000
28 71 0.500000
28 73 0.500000
28 74 0.500000
28 77 0.500000
28 78 0.500000
28 81 0.500000
28 82 0.500000
28 83 0.500000
28 84 0.500000
28 85 0.500000
28 92 0.500000
28 94 0.500000
28 96 0.500000
28 100 0.500000
29 31 0.500000
29 32 0.500000
29 33 0.500000
29 36 0.500000
29 39 0.500000
29 43 0.500000
29 44 0.500000
29 46 0.500000
29 49 0.500000
29 51 0.500000
29 53 0.500000
29 55 0.500000
29 56 0.500000
29 57 0.500000
29 58 0.500000
29 59 0.500000
29 61 0.500000
29 62 0.500000
29 64 0.500000
29 68 0.500000
29 70 0.500000
29 72 0.500000
29 75 0.500000
29 78 0.500000
29 79 0.500000
29 80 0.500000
29 82 0.500000
29 84 0.500000
29 85 0.500000
29 86 0.500000
29 88 0.500000
29 89 0.500000
29 90 0.500000
29 93 0.500000
29 94 0.500000
29 97 0.500000
29 98 0.500000
29 100 0.500000
30 31 0.500000
30 33 0.500000
30 35 0.500000
30 38 0.500000
30 39 0.500000
30 40 0.500000
30 41 0.500000
30 43 0.500000
30 45 0.500000
30 49 0.500000
30 50 0.500000
30 53 0.500000
30 54 0.500000
30 56 0.500000
30 57 0.500000
30 59 0.500000
30 60 0.500000
30 61 0.500000
30 62 0.500000
30 63 0.500000
30 65 0.500000
30 67 0.500000
30 70 0.500000
30 77 0.500000
30 79 0.500000
30 84 0.500000
30 85 0.500000
30 90 0.500000
30 91 0.500000
30 94 0.500000
30 95 0.500000
30 98 0.500000
30 100 0.500000
31 32 0.500000
31 35 0.500000
31 37 0.500000
31 42 0.500000
31 43 0.500000
31 44 0.500000
31 45 0.500000
31 48 0.500000
31 52 0.500000
31 53 0.500000
31 59 0.500000
31 61 0.500000
31 62 0.500000
31 65 0.500000
31 66 0.500000
31 67 0.500000
31 70 0.500000
31 74 0.500000
31 75 0.500000
31 77 0.500000
31 78 0.500000
31 79 0.500000
31 80 0.500000
31 84 0.500000
31 85 0.500000
31 86 0.500000
31 87 0.500000
31 89 0.500000
31 91 0.500000
31 92 0.500000
31 94 0.500000
31 98 0.500000
31 99 0.500000
31 100 0.500000
32 35 0.500000
32 37 0.500000
32 39 0.500000
32 42 0.500000
32 43 0.500000
32 45 0.500000
32 46 0.500000
32 47 0.500000
32 48 0.500000
32 49 0.500000
32 50 0.500000
32 53 0.500000
32 54 0.500000
32 55 0.500000
32 56 0.500000
32 57 0.500000
32 58 0.500000
32 59 0.500000
32 60 0.500000
32 64 0.500000
32 68 0.500000
32 73 0.500000
32 74 0.500000
32 75 0.500000
32 77 0.500000
32 79 0.500000
32 81 0.500000
32 83 0.500000
32 86 0.500000
32 88 0.500000
32 91 0.500000
32 92 0.500000
32 93 0.500000
32 95 0.500000
32 96 0.500000
32 97 0.500000
32 98 0.500000
33 34 0.500000
33 35 0.500000
33 37 0.500000
33 38 0.500000
33 40 0.500000
33 41 0.500000
33 45 0.500000
33 47 0.500000
33 50 0.500000
33 51 0.500000
33 52 0.500000
33 54 0.500000
33 55 0.500000
33 56 0.500000
33 59 0.500000
33 60 0.500000
33 61 0.500000
33 62 0.500000
33 63 0.500000
33 64 0.500000
33 65 0.500000
33 66 0.500000
33 67 0.500000
33 70 0.500000
33 71 0.500000
33 72 0.500000
33 74 0.500000
33 76 0.500000
33 77 0.500000
33 80 0.500000
33 82 0.500000
33 86 0.500000
33 96 0.500000
33 97 0.500000
33 100 0.500000
34 35 0.500000
34 36 0.500000
34 39 0.500000
34 40 0.500000
34 41 0.500000
34 42 0.500000
34 44 0.500000
34 45 0.500000
34 46 0.500000
34 47 0.500000
34 50 0.500000
34 51 0.500000
34 52 0.500000
34 56 0.500000
34 58 0.500000
34 59 0.500000
34 60 0.500000
34 61 0.500000
34 64 0.500000
34 69 0.500000
34 70 0.500000
34 72 0.500000
34 74 0.500000
34 75 0.500000
34 76 0.500000
34 78 0.500000
34 80 0.500000
34 81 0.500000
34 83 0.500000
34 84 0.500000
34 85 0.500000
34 88 0.500000
34 89 0.500000
34 90 0.500000
34 95 0.500000
35 36 0.500000
35 37 0.500000
35 38 0.500000
35 39 0.500000
35 40 0.500000
35 45 0.500000
35 46 0.500000
35 47 0.500000
35 52 0.500000
35 53 0.500000
35 59 0.500000
35 62 0.500000
35 63 0.500000
35 65 0.500000
35 66 0.500000
35 69 0.500000
35 70 0.500000
35 71 0.500000
35 72 0.500000
35 74 0.500000
35 76 0.500000
35 81 0.500000
35 85 0.500000
35 88 0.500000
35 90 0.500000
35 96 0.500000
35 98 0.500000
35 100 0.500000
36 37 0.500000
36 39 0.500000
36 40 0.500000
36 41 0.500000
36 43 0.500000
36 44 0.500000
36 47 0.500000
36 48 0.500000
36 49 0.500000
36 51 0.500000
36 53 0.500000
36 54 0.500000
36 55 0.500000
36 56 0.500000
36 58 0.500000
36 59 0.500000
36 61 0.500000
36 65 0.500000
36 66 0.500000
36 67 0.500000
36 68 0.500000
36 70 0.500000
36 74 0.500000
36 75 0.500000
36 77 0.500000
36 81 0.500000
36 88 0.500000
36 89 0.500000
36 90 0.500000
36 91 0.500000
36 93 0.500000
36 94 0.500000
36 96 0.500000
36 99 0.500000
37 38 0.500000
37 41 0.500000
37 42 0.500000
37 43 0.500000
37 46 0.500000
37 51 0.500000
37 55 0.500000
37 56 0.500000
37 57 0.500000
37 59 0.500000
37 60 0.500000
37 61 0.500000
37 62 0.500000
37 64 0.500000
37 65 0.500000
37 67 0.500000
37 70 0.500000
37 71 0.500000
37 72 0.500000
37 73 0.500000
37 75 0.500000
37 76 0.500000
37 77 0.500000
37 79 0.500000
37 81 0.500000
37 82 0.500000
37 83 0.500000
37 86 0.500000
37 87 0.500000
37 89 0.500000
37 91 0.500000
37 96 0.500000
37 97 0.500000
37 99 0.500000
37 100 0.500000
38 39 0.500000
38 44 0.500000
38 45 0.500000
38 46 0.500000
38 47 0.500000
38 50 0.500000
38 53 0.500000
38 54 0.500000
38 55 0.500000
38 56 0.500000
38 57 0.500000
38 58 0.500000
38 60 0.500000
38 67 0.500000
38 68 0.500000
38 69 0.500000
38 72 0.500000
38 76 0.500000
38 77 0.500000
38 79 0.500000
38 81 0.500000
38 82 0.500000
38 87 0.500000
38 88 0.500000
38 89 0.500000
38 90 0.500000
38 93 0.500000
38 94 0.500000
38 95 0.500000
39 41 0.500000
39 43 0.500000
39 45 0.500000
39 49 0.500000
39 50 0.500000
39 56 0.500000
39 60 0.500000
39 61 0.500000
39 62 0.500000
39 67 0.500000
39 69 0.500000
39 71 0.500000
39 72 0.500000
39 73 0.500000
39 78 0.500000
39 80 0.500000
39 83 0.500000
39 86 0.500000
39 89 0.500000
39 91 0.500000
39 92 0.500000
39 94 0.500000
39 95 0.500000
39 97 0.500000
39 98 0.500000
39 100 0.500000
40 41 0.500000
40 45 0.500000
40 46 0.500000
40 48 0.500000
40 49 0.500000
40 50 0.500000
40 55 0.500000
40 56 0.500000
40 57 0.500000
40 61 0.500000
40 62 0.500000
40 65 0.500000
40 68 0.500000
40 71 0.500000
40 73 0.500000
40 75 0.500000
40 76 0.500000
40 77 0.500000
40 80 0.500000
40 85 0.500000
40 88 0.500000
40 89 0.500000
40 90 0.500000
40 92 0.500000
40 94 0.500000
40 96 0.500000
40 97 0.500000
40 98 0.500000
40 100 0.500000
41 44 0.500000
41 45 0.500000
41 51 0.500000
41 52 0.500000
41 53 0.500000
41 55 0.500000
41 57 0.500000
41 59 0.500000
41 60 0.500000
41 61 0.500000
41 64 0.500000
41 65 0.500000
41 66 0.500000
41 71 0.500000
41 72 0.500000
41 74 0.500000
41 76 0.500000
41 79 0.500000
41 80 0.500000
41 83 0.500000
41 84 0.500000
41 85 0.500000
41 86 0.500000
41 87 0.500000
41 89 0.500000
41 90 0.500000
41 93 0.500000
41 94 0.500000
41 96 0.500000
41 97 0.500000
41 98 0.500000
42 43 0.500000
42 45 0.500000
42 47 0.500000
42 49 0.500000
42 51 0.500000
42 57 0.500000
42 60 0.500000
42 62 0.500000
42 63 0.500000
42 64 0.500000
42 67 0.500000
42 68 0.500000
42 70 0.500000
42 71 0.500000
42 74 0.500000
42 76 0.500000
42 85 0.500000
42 86 0.500000
42 90 0.500000
42 95 0.500000
42 97 0.500000
43 44 0.500000
43 47 0.500000
43 48 0.500000
43 49 0.500000
43 51 0.500000
43 54 0.500000
43 55 0.500000
43 56 0.500000
43 58 0.500000
43 60 0.500000
43 63 0.500000
43 64 0.500000
43 65 0.500000
43 66 0.500000
43 67 0.500000
43 68 0.500000
43 69 0.500000
43 70 0.500000
43 71 0.500000
43 78 0.500000
43 80 0.500000
43 81 0.500000
43 82 0.500000
43 83 0.500000
43 90 0.500000
43 92 0.500000
43 93 0.500000
43 94 0.500000
43 95 0.500000
43 97 0.500000
43 98 0.500000
43 99 0.500000
44 45 0.500000
44 46 0.500000
44 49 0.500000
44 50 0.500000
44 51 0.500000
44 52 0.500000
44 53 0.500000
44 54 0.500000
44 58 0.500000
44 59 0.500000
44 61 0.500000
44 62 0.500000
44 63 0.500000
44 68 0.500000
44 69 0.500000
44 70 0.500000
44 72 0.500000
44 74 0.500000
44 75 0.500000
44 76 0.500000
44 77 0.500000
44 78 0.500000
44 79 0.500000
44 80 0.500000
44 81 0.500000
44 83 0.500000
44 85 0.500000
44 86 0.500000
44 87 0.500000
44 88 0.500000
44 89 0.500000
44 90 0.500000
44 94 0.500000
44 96 0.500000
44 97 0.500000
45 49 0.500000
45 50 0.500000
45 52 0.500000
45 53 0.500000
45 58 0.500000
45 59 0.500000
45 61 0.500000
45 62 0.500000
45 63 0.500000
45 64 0.500000
45 68 0.500000
45 71 0.500000
45 72 0.500000
45 74 0.500000
45 76 0.500000
45 77 0.500000
45 81 0.500000
45 84 0.500000
45 87 0.500000
45 88 0.500000
45 90 0.500000
45 92 0.500000
46 48 0.500000
46 49 0.500000
46 52 0.500000
46 53 0.500000
46 54 0.500000
46 55 0.500000
46 56 0.500000
46 57 0.500000
46 58 0.500000
46 61 0.500000
46 63 0.500000
46 64 0.500000
46 65 0.500000
46 70 0.500000
46 72 0.500000
46 73 0.500000
46 77 0.500000
46 78 0.500000
46 79 0.500000
46 80 0.500000
46 85 0.500000
46 86 0.500000
46 88 0.500000
46 91 0.500000
46 93 0.500000
46 95 0.500000
46 98 0.500000
46 100 0.500000
47 49 0.500000
47 50 0.500000
47 51 0.500000
47 53 0.500000
47 54 0.500000
47 57 0.500000
47 58 0.500000
47 59 0.500000
47 60 0.500000
47 61 0.500000
47 63 0.500000
47 65 0.500000
47 67 0.500000
47 71 0.500000
47 72 0.500000
47 75 0.500000
47 76 0.500000
47 84 0.500000
47 86 0.500000
47 87 0.500000
47 88 0.500000
47 89 0.500000
47 91 0.500000
47 94 0.500000
47 96 0.500000
47 98 0.500000
47 100 0.500000
48 50 0.500000
48 51 0.500000
48 54 0.500000
48 56 0.500000
48 57 0.500000
48 60 0.500000
48 62 0.500000
48 67 0.500000
48 68 0.500000
48 70 0.500000
48 71 0.500000
48 72 0.500000
48 73 0.500000
48 74 0.500000
48 76 0.500000
48 78 0.500000
48 79 0.500000
48 81 0.500000
48 82 0.500000
48 83 0.500000
48 85 0.500000
48 87 0.500000
48 88 0.500000
48 91 0.500000
48 94 0.500000
48 96 0.500000
48 97 0.500000
48 98 0.500000
49 55 0.500000
49 57 0.500000
49 58 0.500000
49 61 0.500000
49 62 0.500000
49 63 0.500000
49 65 0.500000
49 66 0.500000
49 69 0.500000
49 70 0.500000
49 73 0.500000
49 75 0.500000
49 82 0.500000
49 83 0.500000
49 84 0.500000
49 85 0.500000
49 88 0.500000
49 94 0.500000
49 95 0.500000
49 96 0.500000
49 100 0.500000
50 52 0.500000
50 55 0.500000
50 56 0.500000
50 58 0.500000
50 59 0.500000
50 60 0.500000
50 61 0.500000
50 62 0.500000
50 63 0.500000
50 64 0.500000
50 65 0.500000
50 67 0.500000
50 69 0.500000
50 70 0.500000
50 72 0.500000
50 75 0.500000
50 79 0.500000
50 84 0.500000
50 86 0.500000
50 88 0.500000
50 89 0.500000
50 90 0.500000
50 95 0.500000
50 96 0.500000
50 97 0.500000
50 98 0.500000
50 99 0.500000
51 53 0.500000
51 57 0.500000
51 58 0.500000
51 59 0.500000
51 60 0.500000
51 63 0.500000
51 64 0.500000
51 66 0.500000
51 67 0.500000
51 69 0.500000
51 70 0.500000
51 73 0.500000
51 76 0.500000
51 77 0.500000
51 78 0.500000
51 79 0.500000
51 80 0.500000
51 82 0.500000
51 83 0.500000
51 85 0.500000
51 86 0.500000
51 87 0.500000
51 92 0.500000
51 98 0.500000
51 99 0.500000
51 100 0.500000
52 53 0.500000
52 54 0.500000
52 56 0.500000
52 58 0.500000
52 59 0.500000
52 67 0.500000
52 68 0.500000
52 69 0.500000
52 72 0.500000
52 73 0.500000
52 74 0.500000
52 78 0.500000
52 80 0.500000
52 81 0.500000
52 82 0.500000
52 83 0.500000
52 85 0.500000
52 86 0.500000
52 89 0.500000
52 92 0.500000
52 93 0.500000
52 95 0.500000
52 97 0.500000
52 99 0.500000
52 100 0.500000
53 54 0.500000
53 55 0.500000
53 56 0.500000
53 57 0.500000
53 58 0.500000
53 61 0.500000
53 62 0.500000
53 65 0.500000
53 67 0.500000
53 68 0.500000
53 69 0.500000
53 70 0.500000
53 71 0.500000
53 73 0.500000
53 74 0.500000
53 76 0.500000
53 77 0.500000
53 79 0.500000
53 81 0.500000
53 85 0.500000
53 86 0.500000
53 91 0.500000
53 92 0.500000
53 94 0.500000
53 95 0.500000
53 97 0.500000
53 100 0.500000
54 55 0.500000
54 59 0.500000
54 60 0.500000
54 62 0.500000
54 65 0.500000
54 66 0.500000
54 67 0.500000
54 68 0.500000
54 69 0.500000
54 70 0.500000
54 72 0.500000
54 74 0.500000
54 77 0.500000
54 78 0.500000
54 79 0.500000
54 83 0.500000
54 86 0.500000
54 88 0.500000
54 90 0.500000
54 91 0.500000
54 96 0.500000
54 97 0.500000
54 98 0.500000
54 100 0.500000
55 56 0.500000
55 58 0.500000
55 60 0.500000
55 62 0.500000
55 67 0.500000
55 70 0.500000
55 73 0.500000
55 74 0.500000
55 76 0.500000
55 78 0.500000
55 84 0.500000
55 88 0.500000
55 89 0.500000
55 91 0.500000
55 93 0.500000
55 98 0.500000
55 100 0.500000
56 57 0.500000
56 59 0.500000
56 60 0.500000
56 61 0.500000
56 66 0.500000
56 68 0.500000
56 69 0.500000
56 72 0.500000
56 73 0.500000
56 74 0.500000
56 76 0.500000
56 78 0.500000
56 81 0.500000
56 84 0.500000
56 89 0.500000
56 90 0.500000
56 92 0.500000
56 94 0.500000
56 95 0.500000
56 97 0.500000
56 98 0.500000
57 59 0.500000
57 60 0.500000
57 61 0.500000
57 62 0.500000
57 63 0.500000
57 65 0.500000
57 66 0.500000
57 67 0.500000
57 68 0.500000
57 69 0.500000
57 70 0.500000
57 73 0.500000
57 75 0.500000
57 77 0.500000
57 78 0.500000
57 79 0.500000
57 80 0.500000
57 82 0.500000
57 85 0.500000
57 91 0.500000
57 92 0.500000
57 96 0.500000
57 97 0.500000
57 99 0.500000
58 60 0.500000
58 61 0.500000
58 63 0.500000
58 64 0.500000
58 66 0.500000
58 69 0.500000
58 71 0.500000
58 72 0.500000
58 74 0.500000
58 75 0.500000
58 81 0.500000
58 82 0.500000
58 84 0.500000
58 86 0.500000
58 89 0.500000
58 90 0.500000
58 92 0.500000
58 93 0.500000
58 94 0.500000
58 96 0.500000
58 97 0.500000
58 98 0.500000
58 100 0.500000
59 60 0.500000
59 62 0.500000
59 63 0.500000
59 66 0.500000
59 70 0.500000
59 71 0.500000
59 72 0.500000
59 78 0.500000
59 79 0.500000
59 80 0.500000
59 82 0.500000
59 83 0.500000
59 87 0.500000
59 88 0.500000
59 89 0.500000
59 91 0.500000
59 92 0.500000
59 93 0.500000
59 96 0.500000
59 97 0.500000
59 98 0.500000
59 99 0.500000
60 61 0.500000
60 63 0.500000
60 68 0.500000
60 69 0.500000
60 73 0.500000
60 74 0.500000
60 77 0.500000
60 78 0.500000
60 80 0.500000
60 81 0.500000
60 83 0.500000
60 85 0.500000
60 86 0.500000
60 89 0.500000
60 90 0.500000
60 91 0.500000
60 93 0.500000
60 94 0.500000
60 96 0.500000
60 98 0.500000
60 100 0.500000
61 65 0.500000
61 66 0.500000
61 67 0.500000
61 74 0.500000
61 75 0.500000
61 79 0.500000
61 82 0.500000
61 83 0.500000
61 84 0.500000
61 85 0.500000
61 86 0.500000
61 87 0.500000
61 88 0.500000
61 89 0.500000
61 91 0.500000
61 93 0.500000
61 94 0.500000
61 95 0.500000
61 96 0.500000
61 97 0.500000
61 100 0.500000
62 64 0.500000
62 65 0.500000
62 68 0.500000
62 69 0.500000
62 70 0.500000
62 71 0.500000
62 74 0.500000
62 76 0.500000
62 77 0.500000
62 80 0.500000
62 81 0.500000
62 82 0.500000
62 88 0.500000
62 93 0.500000
62 94 0.500000
62 95 0.500000
62 97 0.500000
62 99 0.500000
62 100 0.500000
63 64 0.500000
63 66 0.500000
63 67 0.500000
63 68 0.500000
63 73 0.500000
63 78 0.500000
63 79 0.500000
63 88 0.500000
63 90 0.500000
63 91 0.500000
63 92 0.500000
63 93 0.500000
63 94 0.500000
64 66 0.500000
64 67 0.500000
64 69 0.500000
64 71 0.500000
64 73 0.500000
64 74 0.500000
64 75 0.500000
64 76 0.500000
64 77 0.500000
64 78 0.500000
64 79 0.500000
64 80 0.500000
64 81 0.500000
64 83 0.500000
64 84 0.500000
64 91 0.500000
64 92 0.500000
64 94 0.500000
64 97 0.500000
64 100 0.500000
65 67 0.500000
65 68 0.500000
65 69 0.500000
65 71 0.500000
65 72 0.500000
65 73 0.500000
65 74 0.500000
65 77 0.500000
65 79 0.500000
65 81 0.500000
65 83 0.500000
65 84 0.500000
65 87 0.500000
65 88 0.500000
65 89 0.500000
65 90 0.500000
65 91 0.500000
65 92 0.500000
65 95 0.500000
65 97 0.500000
65 98 0.500000
65 99 0.500000
66 69 0.500000
66 71 0.500000
66 72 0.500000
66 74 0.500000
66 75 0.500000
66 76 0.500000
66 78 0.500000
66 81 0.500000
66 83 0.500000
66 84 0.500000
66 86 0.500000
66 87 0.500000
66 88 0.500000
66 89 0.500000
66 91 0.500000
66 93 0.500000
66 94 0.500000
66 95 0.500000
67 68 0.500000
67 69 0.500000
67 73 0.500000
67 76 0.500000
67 77 0.500000
67 79 0.500000
67 81 0.500000
67 83 0.500000
67 85 0.500000
67 88 0.500000
67 89 0.500000
67 92 0.500000
67 94 0.500000
67 95 0.500000
67 96 0.500000
67 98 0.500000
67 99 0.500000
68 70 0.500000
68 72 0.500000
68 73 0.500000
68 74 0.500000
68 75 0.500000
68 77 0.500000
68 78 0.500000
68 80 0.500000
68 82 0.500000
68 87 0.500000
68 92 0.500000
68 94 0.500000
68 95 0.500000
68 98 0.500000
68 99 0.500000
68 100 0.500000
69 70 0.500000
69 71 0.500000
69 73 0.500000
69 75 0.500000
69 79 0.500000
69 80 0.500000
69 83 0.500000
69 88 0.500000
69 89 0.500000
69 90 0.500000
69 91 0.500000
69 95 0.500000
69 96 0.500000
69 97 0.500000
69 98 0.500000
69 99 0.500000
70 73 0.500000
70 77 0.500000
70 80 0.500000
70 82 0.500000
70 83 0.500000
70 86 0.500000
70 88 0.500000
70 89 0.500000
70 91 0.500000
70 93 0.500000
70 95 0.500000
70 97 0.500000
70 98 0.500000
70 99 0.500000
71 72 0.500000
71 74 0.500000
71 75 0.500000
71 78 0.500000
71 79 0.500000
71 83 0.500000
71 86 0.500000
71 91 0.500000
71 93 0.500000
71 97 0.500000
71 99 0.500000
71 100 0.500000
72 75 0.500000
72 78 0.500000
72 80 0.500000
72 85 0.500000
72 86 0.500000
72 87 0.500000
72 89 0.500000
72 90 0.500000
72 93 0.500000
72 98 0.500000
72 99 0.500000
72 100 0.500000
73 77 0.500000
73 79 0.500000
73 81 0.500000
73 82 0.500000
73 87 0.500000
73 88 0.500000
73 89 0.500000
73 90 0.500000
73 92 0.500000
73 93 0.500000
73 94 0.500000
73 95 0.500000
74 78 0.500000
74 85 0.500000
74 87 0.500000
74 89 0.500000
74 90 0.500000
74 94 0.500000
74 96 0.500000
74 98 0.500000
75 76 0.500000
75 79 0.500000
75 82 0.500000
75 85 0.500000
75 88 0.500000
75 90 0.500000
75 91 0.500000
75 92 0.500000
75 93 0.500000
75 94 0.500000
75 95 0.500000
75 97 0.500000
76 78 0.500000
76 81 0.500000
76 85 0.500000
76 89 0.500000
76 90 0.500000
76 96 0.500000
76 97 0.500000
76 99 0.500000
76 100 0.500000
77 78 0.500000
77 79 0.500000
77 80 0.500000
77 81 0.500000
77 83 0.500000
77 84 0.500000
77 88 0.500000
77 89 0.500000
77 90 0.500000
77 91 0.500000
77 92 0.500000
77 93 0.500000
77 96 0.500000
77 99 0.500000
77 100 0.500000
78 79 0.500000
78 81 0.500000
78 84 0.500000
78 85 0.500000
78 86 0.500000
78 87 0.500000
78 91 0.500000
78 92 0.500000
78 96 0.500000
78 98 0.500000
79 80 0.500000
79 85 0.500000
79 89 0.500000
79 90 0.500000
79 93 0.500000
79 95 0.500000
79 99 0.500000
80 81 0.500000
80 82 0.500000
80 89 0.500000
80 90 0.500000
80 97 0.500000
80 99 0.500000
81 82 0.500000
81 84 0.500000
81 86 0.500000
81 90 0.500000
81 92 0.500000
81 94 0.500000
81 95 0.500000
81 96 0.500000
81 97 0.500000
82 83 0.500000
82 84 0.500000
82 88 0.500000
82 89 0.500000
82 90 0.500000
82 91 0.500000
82 92 0.500000
82 93 0.500000
82 97 0.500000
82 98 0.500000
83 84 0.500000
83 87 0.500000
83 88 0.500000
83 89 0.500000
83 93 0.500000
83 94 0.500000
83 95 0.500000
83 97 0.500000
84 86 0.500000
84 87 0.500000
84 88 0.500000
84 90 0.500000
84 96 0.500000
84 98 0.500000
84 99 0.500000
84 100 0.500000
85 86 0.500000
85 87 0.500000
85 89 0.500000
85 92 0.500000
85 100 0.500000
86 93 0.500000
86 94 0.500000
86 96 0.500000
86 98 0.500000
86 99 0.500000
87 88 0.500000
87 89 0.500000
87 90 0.500000
87 91 0.500000
87 92 0.500000
87 93 0.500000
87 94 0.500000
87 95 0.500000
87 100 0.500000
88 89 0.500000
88 90 0.500000
88 91 0.500000
88 92 0.500000
88 93 0.500000
88 94 0.500000
88 96 0.500000
88 98 0.500000
89 92 0.500000
89 93 0.500000
89 95 0.500000
89 96 0.500000
89 98 0.500000
89 99 0.500000
90 92 0.500000
90 94 0.500000
90 96 0.500000
90 98 0.500000
90 100 0.500000
91 92 0.500000
91 93 0.500000
91 94 0.500000
91 95 0.500000
91 96 0.500000
91 98 0.500000
91 100 0.500000
92 93 0.500000
92 94 0.500000
92 95 0.500000
92 98 0.500000
92 99 0.500000
93 95 0.500000
93 96 0.500000
93 100 0.500000
94 98 0.500000
95 96 0.500000
95 97 0.500000
95 98 0.500000
96 97 0.500000
96 98 0.500000
96 100 0.500000
98 99 0.500000
