100 75 1211
1 3 0.500000
1 7 0.500000
1 8 0.500000
1 12 0.500000
1 16 0.500000
1 18 0.500000
1 21 0.500000
1 34 0.500000
1 35 0.500000
1 50 0.500000
1 51 0.500000
1 53 0.500000
1 55 0.500000
1 68 0.500000
1 77 0.500000
1 96 0.500000
1 99 0.500000
2 3 0.500000
2 5 0.500000
2 14 0.500000
2 17 0.500000
2 19 0.500000
2 27 0.500000
2 30 0.500000
2 32 0.500000
2 37 0.500000
2 39 0.500000
2 40 0.500000
2 44 0.500000
2 48 0.500000
2 53 0.500000
2 54 0.500000
2 57 0.500000
2 59 0.500000
2 62 0.500000
2 65 0.500000
2 67 0.500000
2 69 0.500000
2 70 0.500000
2 72 0.500000
2 73 0.500000
2 81 0.500000
2 85 0.500000
2 88 0.500000
2 90 0.500000
2 91 0.500000
2 92 0.500000
2 97 0.500000
2 100 0.500000
3 6 0.500000
3 7 0.500000
3 8 0.500000
3 15 0.500000
3 21 0.500000
3 22 0.500000
3 26 0.500000
3 27 0.500000
3 30 0.500000
3 31 0.500000
3 34 0.500000
3 35 0.500000
3 38 0.500000
3 40 0.500000
3 41 0.500000
3 43 0.500000
3 46 0.500000
3 52 0.500000
3 67 0.500000
3 70 0.500000
3 77 0.500000
3 81 0.500000
3 83 0.500000
3 85 0.500000
3 88 0.500000
3 90 0.500000
3 91 0.500000
3 96 0.500000
4 9 0.500000
4 14 0.500000
4 16 0.500000
4 18 0.500000
4 40 0.500000
4 41 0.500000
4 43 0.500000
4 44 0.500000
4 49 0.500000
4 63 0.500000
4 64 0.500000
4 66 0.500000
4 68 0.500000
4 73 0.500000
4 75 0.500000
4 82 0.500000
4 83 0.500000
4 85 0.500000
4 90 0.500000
4 95 0.500000
4 98 0.500000
5 7 0.500000
5 17 0.500000
5 23 0.500000
5 35 0.500000
5 36 0.500000
5 37 0.500000
5 39 0.500000
5 45 0.500000
5 48 0.500000
5 52 0.500000
5 53 0.500000
5 58 0.500000
5 60 0.500000
5 67 0.500000
5 72 0.500000
5 73 0.500000
5 77 0.500000
5 79 0.500000
5 80 0.500000
5 83 0.500000
5 89 0.500000
5 92 0.500000
5 96 0.500000
6 11 0.500000
6 16 0.500000
6 18 0.500000
6 21 0.500000
6 22 0.500000
6 29 0.500000
6 31 0.500000
6 32 0.500000
6 35 0.500000
6 37 0.500000
6 38 0.500000
6 46 0.500000
6 51 0.500000
6 54 0.500000
6 61 0.500000
6 66 0.500000
6 68 0.500000
6 69 0.500000
6 75 0.500000
6 80 0.500000
6 82 0.500000
6 98 0.500000
6 99 0.500000
7 14 0.500000
7 15 0.500000
7 17 0.500000
7 18 0.500000
7 24 0.500000
7 36 0.500000
7 39 0.500000
7 40 0.500000
7 51 0.500000
7 54 0.500000
7 61 0.500000
7 62 0.500000
7 63 0.500000
7 65 0.500000
7 71 0.500000
7 75 0.500000
7 76 0.500000
7 78 0.500000
7 83 0.500000
7 100 0.500000
8 21 0.500000
8 30 0.500000
8 31 0.500000
8 36 0.500000
8 38 0.500000
8 41 0.500000
8 45 0.500000
8 47 0.500000
8 49 0.500000
8 50 0.500000
8 61 0.500000
8 62 0.500000
8 64 0.500000
8 67 0.500000
8 70 0.500000
8 79 0.500000
8 81 0.500000
8 85 0.500000
8 87 0.500000
8 94 0.500000
8 98 0.500000
9 11 0.500000
9 17 0.500000
9 18 0.500000
9 21 0.500000
9 28 0.500000
9 32 0.500000
9 38 0.500000
9 41 0.500000
9 44 0.500000
9 56 0.500000
9 57 0.500000
9 59 0.500000
9 62 0.500000
9 67 0.500000
9 69 0.500000
9 71 0.500000
9 73 0.500000
9 80 0.500000
9 81 0.500000
9 86 0.500000
9 90 0.500000
9 95 0.500000
9 98 0.500000
10 14 0.500000
10 15 0.500000
10 16 0.500000
10 18 0.500000
10 19 0.500000
10 21 0.500000
10 22 0.500000
10 29 0.500000
10 36 0.500000
10 43 0.500000
10 47 0.500000
10 52 0.500000
10 66 0.500000
10 72 0.500000
10 78 0.500000
10 85 0.500000
10 88 0.500000
10 100 0.500000
11 21 0.500000
11 27 0.500000
11 28 0.500000
11 31 0.500000
11 32 0.500000
11 33 0.500000
11 34 0.500000
11 35 0.500000
11 54 0.500000
11 57 0.500000
11 60 0.500000
11 61 0.500000
11 62 0.500000
11 64 0.500000
11 68 0.500000
11 78 0.500000
11 80 0.500000
11 83 0.500000
11 84 0.500000
11 85 0.500000
11 86 0.500000
11 90 0.500000
11 91 0.500000
11 92 0.500000
11 93 0.500000
11 94 0.500000
11 96 0.500000
11 100 0.500000
12 16 0.500000
12 20 0.500000
12 22 0.500000
12 23 0.500000
12 27 0.500000
12 32 0.500000
12 35 0.500000
12 36 0.500000
12 38 0.500000
12 42 0.500000
12 44 0.500000
12 48 0.500000
12 51 0.500000
12 52 0.500000
12 55 0.500000
12 56 0.500000
12 60 0.500000
12 64 0.500000
12 65 0.500000
12 72 0.500000
12 79 0.500000
12 83 0.500000
12 90 0.500000
12 94 0.500000
12 95 0.500000
12 97 0.500000
13 16 0.500000
13 18 0.500000
13 20 0.500000
13 27 0.500000
13 28 0.500000
13 30 0.500000
13 33 0.500000
13 35 0.500000
13 36 0.500000
13 43 0.500000
13 44 0.500000
13 46 0.500000
13 51 0.500000
13 55 0.500000
13 59 0.500000
13 62 0.500000
13 68 0.500000
13 70 0.500000
13 85 0.500000
13 88 0.500000
13 89 0.500000
13 92 0.500000
13 95 0.500000
13 97 0.500000
14 23 0.500000
14 26 0.500000
14 27 0.500000
14 29 0.500000
14 31 0.500000
14 32 0.500000
14 36 0.500000
14 41 0.500000
14 43 0.500000
14 45 0.500000
14 47 0.500000
14 48 0.500000
14 51 0.500000
14 54 0.500000
14 58 0.500000
14 60 0.500000
14 66 0.500000
14 68 0.500000
14 71 0.500000
14 80 0.500000
14 95 0.500000
14 98 0.500000
14 99 0.500000
15 17 0.500000
15 24 0.500000
15 28 0.500000
15 31 0.500000
15 32 0.500000
15 34 0.500000
15 35 0.500000
15 37 0.500000
15 40 0.500000
15 49 0.500000
15 50 0.500000
15 54 0.500000
15 55 0.500000
15 57 0.500000
15 61 0.500000
15 62 0.500000
15 65 0.500000
15 69 0.500000
15 71 0.500000
15 72 0.500000
15 74 0.500000
15 77 0.500000
15 79 0.500000
15 86 0.500000
15 96 0.500000
15 99 0.500000
16 21 0.500000
16 22 0.500000
16 24 0.500000
16 39 0.500000
16 41 0.500000
16 42 0.500000
16 47 0.500000
16 56 0.500000
16 57 0.500000
16 59 0.500000
16 64 0.500000
16 69 0.500000
16 70 0.500000
16 75 0.500000
16 77 0.500000
16 78 0.500000
16 79 0.500000
16 82 0.500000
16 88 0.500000
16 92 0.500000
16 99 0.500000
17 18 0.500000
17 20 0.500000
17 29 0.500000
17 30 0.500000
17 32 0.500000
17 33 0.500000
17 35 0.500000
17 37 0.500000
17 40 0.500000
17 41 0.500000
17 48 0.500000
17 50 0.500000
17 54 0.500000
17 64 0.500000
17 68 0.500000
17 69 0.500000
17 81 0.500000
17 82 0.500000
17 85 0.500000
17 88 0.500000
17 98 0.500000
17 99 0.500000
18 20 0.500000
18 21 0.500000
18 22 0.500000
18 23 0.500000
18 24 0.500000
18 25 0.500000
18 52 0.500000
18 53 0.500000
18 59 0.500000
18 62 0.500000
18 63 0.500000
18 64 0.500000
18 65 0.500000
18 68 0.500000
18 69 0.500000
18 70 0.500000
18 72 0.500000
18 78 0.500000
18 85 0.500000
18 92 0.500000
18 93 0.500000
18 94 0.500000
18 95 0.500000
18 100 0.500000
19 22 0.500000
19 23 0.500000
19 35 0.500000
19 47 0.500000
19 48 0.500000
19 53 0.500000
19 60 0.500000
19 64 0.500000
19 75 0.500000
19 79 0.500000
19 92 0.500000
19 93 0.500000
19 100 0.500000
20 21 0.500000
20 23 0.500000
20 30 0.500000
20 31 0.500000
20 32 0.500000
20 35 0.500000
20 41 0.500000
20 43 0.500000
20 44 0.500000
20 50 0.500000
20 54 0.500000
20 56 0.500000
20 59 0.500000
20 61 0.500000
20 64 0.500000
20 73 0.500000
20 74 0.500000
20 84 0.500000
20 87 0.500000
20 92 0.500000
20 94 0.500000
20 96 0.500000
21 25 0.500000
21 39 0.500000
21 43 0.500000
21 46 0.500000
21 47 0.500000
21 49 0.500000
21 51 0.500000
21 58 0.500000
21 60 0.500000
21 67 0.500000
21 72 0.500000
21 73 0.500000
21 80 0.500000
21 86 0.500000
21 90 0.500000
21 91 0.500000
21 96 0.500000
21 99 0.500000
21 100 0.500000
22 35 0.500000
22 37 0.500000
22 39 0.500000
22 41 0.500000
22 47 0.500000
22 48 0.500000
22 49 0.500000
22 52 0.500000
22 56 0.500000
22 57 0.500000
22 63 0.500000
22 66 0.500000
22 69 0.500000
22 73 0.500000
22 76 0.500000
22 77 0.500000
22 82 0.500000
22 86 0.500000
22 99 0.500000
23 24 0.500000
23 31 0.500000
23 34 0.500000
23 41 0.500000
23 42 0.500000
23 46 0.500000
23 47 0.500000
23 52 0.500000
23 53 0.500000
23 57 0.500000
23 68 0.500000
23 69 0.500000
23 74 0.500000
23 75 0.500000
23 81 0.500000
23 83 0.500000
23 84 0.500000
23 86 0.500000
23 91 0.500000
23 95 0.500000
23 100 0.500000
24 30 0.500000
24 44 0.500000
24 51 0.500000
24 61 0.500000
24 63 0.500000
24 71 0.500000
24 75 0.500000
24 78 0.500000
24 79 0.500000
24 82 0.500000
24 83 0.500000
24 84 0.500000
24 86 0.500000
24 99 0.500000
25 26 0.500000
25 37 0.500000
25 39 0.500000
25 43 0.500000
25 44 0.500000
25 45 0.500000
25 46 0.500000
25 50 0.500000
25 51 0.500000
25 57 0.500000
25 58 0.500000
25 59 0.500000
25 60 0.500000
25 61 0.500000
25 69 0.500000
25 71 0.500000
25 82 0.500000
25 87 0.500000
25 90 0.500000
25 98 0.500000
26 31 0.500000
26 40 0.500000
26 41 0.500000
26 42 0.500000
26 43 0.500000
26 44 0.500000
26 49 0.500000
26 50 0.500000
26 58 0.500000
26 61 0.500000
26 63 0.500000
26 65 0.500000
26 67 0.500000
26 73 0.500000
26 75 0.500000
26 79 0.500000
26 82 0.500000
26 84 0.500000
26 89 0.500000
26 98 0.500000
27 31 0.500000
27 33 0.500000
27 36 0.500000
27 41 0.500000
27 44 0.500000
27 46 0.500000
27 47 0.500000
27 50 0.500000
27 51 0.500000
27 57 0.500000
27 64 0.500000
27 68 0.500000
27 70 0.500000
27 73 0.500000
27 79 0.500000
27 81 0.500000
27 83 0.500000
27 84 0.500000
27 85 0.500000
27 88 0.500000
28 38 0.500000
28 40 0.500000
28 42 0.500000
28 48 0.500000
28 67 0.500000
28 70 0.500000
28 71 0.500000
28 82 0.500000
28 93 0.500000
28 94 0.500000
28 96 0.500000
28 98 0.500000
29 30 0.500000
29 32 0.500000
29 34 0.500000
29 35 0.500000
29 42 0.500000
29 44 0.500000
29 45 0.500000
29 50 0.500000
29 51 0.500000
29 58 0.500000
29 68 0.500000
29 69 0.500000
29 73 0.500000
29 74 0.500000
29 75 0.500000
29 77 0.500000
29 83 0.500000
29 88 0.500000
29 89 0.500000
29 95 0.500000
30 31 0.500000
30 33 0.500000
30 37 0.500000
30 38 0.500000
30 40 0.500000
30 49 0.500000
30 58 0.500000
30 61 0.500000
30 64 0.500000
30 69 0.500000
30 76 0.500000
30 80 0.500000
30 90 0.500000
30 100 0.500000
31 46 0.500000
31 47 0.500000
31 48 0.500000
31 51 0.500000
31 52 0.500000
31 53 0.500000
31 57 0.500000
31 65 0.500000
31 67 0.500000
31 71 0.500000
31 72 0.500000
31 73 0.500000
31 83 0.500000
31 94 0.500000
32 33 0.500000
32 39 0.500000
32 46 0.500000
32 47 0.500000
32 48 0.500000
32 58 0.500000
32 62 0.500000
32 65 0.500000
32 71 0.500000
32 74 0.500000
32 76 0.500000
32 78 0.500000
32 80 0.500000
32 87 0.500000
32 89 0.500000
32 90 0.500000
32 92 0.500000
32 94 0.500000
32 95 0.500000
33 36 0.500000
33 38 0.500000
33 42 0.500000
33 43 0.500000
33 49 0.500000
33 50 0.500000
33 55 0.500000
33 57 0.500000
33 59 0.500000
33 71 0.500000
33 72 0.500000
33 75 0.500000
33 79 0.500000
33 81 0.500000
33 85 0.500000
33 87 0.500000
33 90 0.500000
33 91 0.500000
33 97 0.500000
33 100 0.500000
34 39 0.500000
34 44 0.500000
34 53 0.500000
34 57 0.500000
34 59 0.500000
34 63 0.500000
34 64 0.500000
34 66 0.500000
34 75 0.500000
34 83 0.500000
34 93 0.500000
35 39 0.500000
35 45 0.500000
35 48 0.500000
35 50 0.500000
35 51 0.500000
35 55 0.500000
35 56 0.500000
35 60 0.500000
35 63 0.500000
35 64 0.500000
35 66 0.500000
35 74 0.500000
35 75 0.500000
35 76 0.500000
35 77 0.500000
35 82 0.500000
35 88 0.500000
35 89 0.500000
35 91 0.500000
35 92 0.500000
35 93 0.500000
35 96 0.500000
36 37 0.500000
36 39 0.500000
36 41 0.500000
36 50 0.500000
36 57 0.500000
36 64 0.500000
36 65 0.500000
36 78 0.500000
36 80 0.500000
36 82 0.500000
36 86 0.500000
36 87 0.500000
36 93 0.500000
36 94 0.500000
37 42 0.500000
37 43 0.500000
37 44 0.500000
37 47 0.500000
37 48 0.500000
37 51 0.500000
37 56 0.500000
37 62 0.500000
37 63 0.500000
37 64 0.500000
37 65 0.500000
37 67 0.500000
37 71 0.500000
37 77 0.500000
37 79 0.500000
37 80 0.500000
37 82 0.500000
37 84 0.500000
37 85 0.500000
37 89 0.500000
37 90 0.500000
37 92 0.500000
37 95 0.500000
37 97 0.500000
37 100 0.500000
38 39 0.500000
38 41 0.500000
38 42 0.500000
38 45 0.500000
38 49 0.500000
38 54 0.500000
38 58 0.500000
38 63 0.500000
38 65 0.500000
38 69 0.500000
38 72 0.500000
38 75 0.500000
38 76 0.500000
38 77 0.500000
38 80 0.500000
38 88 0.500000
38 90 0.500000
38 95 0.500000
38 97 0.500000
38 100 0.500000
39 48 0.500000
39 54 0.500000
39 59 0.500000
39 62 0.500000
39 63 0.500000
39 65 0.500000
39 71 0.500000
39 79 0.500000
39 100 0.500000
40 46 0.500000
40 47 0.500000
40 52 0.500000
40 54 0.500000
40 59 0.500000
40 60 0.500000
40 64 0.500000
40 68 0.500000
40 75 0.500000
40 79 0.500000
40 86 0.500000
40 89 0.500000
40 96 0.500000
40 100 0.500000
41 43 0.500000
41 52 0.500000
41 59 0.500000
41 60 0.500000
41 64 0.500000
41 65 0.500000
41 70 0.500000
41 71 0.500000
41 83 0.500000
41 87 0.500000
41 89 0.500000
41 91 0.500000
41 97 0.500000
42 44 0.500000
42 50 0.500000
42 53 0.500000
42 54 0.500000
42 59 0.500000
42 61 0.500000
42 63 0.500000
42 68 0.500000
42 80 0.500000
42 81 0.500000
42 86 0.500000
42 89 0.500000
42 92 0.500000
43 51 0.500000
43 53 0.500000
43 55 0.500000
43 57 0.500000
43 66 0.500000
43 68 0.500000
43 71 0.500000
43 72 0.500000
43 75 0.500000
43 77 0.500000
43 80 0.500000
43 89 0.500000
43 92 0.500000
43 99 0.500000
43 100 0.500000
44 53 0.500000
44 60 0.500000
44 63 0.500000
44 66 0.500000
44 72 0.500000
44 78 0.500000
44 87 0.500000
44 88 0.500000
44 92 0.500000
44 93 0.500000
44 97 0.500000
45 46 0.500000
45 47 0.500000
45 50 0.500000
45 51 0.500000
45 56 0.500000
45 58 0.500000
45 61 0.500000
45 62 0.500000
45 65 0.500000
45 70 0.500000
45 77 0.500000
45 79 0.500000
45 85 0.500000
45 88 0.500000
45 90 0.500000
46 49 0.500000
46 55 0.500000
46 62 0.500000
46 71 0.500000
46 72 0.500000
46 74 0.500000
46 75 0.500000
46 78 0.500000
46 80 0.500000
46 86 0.500000
46 89 0.500000
46 90 0.500000
46 94 0.500000
46 95 0.500000
46 98 0.500000
47 51 0.500000
47 53 0.500000
47 70 0.500000
47 71 0.500000
47 75 0.500000
47 77 0.500000
47 80 0.500000
47 85 0.500000
47 91 0.500000
47 92 0.500000
48 56 0.500000
48 70 0.500000
48 80 0.500000
48 85 0.500000
48 87 0.500000
48 88 0.500000
48 90 0.500000
48 98 0.500000
49 57 0.500000
49 58 0.500000
49 60 0.500000
49 65 0.500000
49 66 0.500000
49 69 0.500000
49 74 0.500000
49 79 0.500000
49 89 0.500000
49 92 0.500000
49 96 0.500000
49 98 0.500000
50 53 0.500000
50 59 0.500000
50 74 0.500000
50 77 0.500000
50 78 0.500000
50 80 0.500000
50 83 0.500000
50 90 0.500000
50 99 0.500000
51 55 0.500000
51 66 0.500000
51 70 0.500000
51 71 0.500000
51 75 0.500000
51 78 0.500000
51 82 0.500000
51 83 0.500000
51 89 0.500000
51 90 0.500000
51 95 0.500000
51 97 0.500000
52 53 0.500000
52 54 0.500000
52 56 0.500000
52 60 0.500000
52 77 0.500000
52 80 0.500000
52 89 0.500000
52 91 0.500000
52 93 0.500000
52 96 0.500000
52 97 0.500000
53 59 0.500000
53 64 0.500000
53 67 0.500000
53 73 0.500000
53 74 0.500000
53 76 0.500000
53 78 0.500000
53 80 0.500000
53 84 0.500000
53 89 0.500000
53 93 0.500000
54 59 0.500000
54 62 0.500000
54 64 0.500000
54 65 0.500000
54 71 0.500000
54 75 0.500000
54 76 0.500000
54 77 0.500000
54 79 0.500000
54 85 0.500000
54 93 0.500000
54 96 0.500000
54 97 0.500000
54 99 0.500000
55 58 0.500000
55 60 0.500000
55 61 0.500000
55 67 0.500000
55 70 0.500000
55 77 0.500000
55 79 0.500000
55 92 0.500000
55 97 0.500000
55 100 0.500000
56 60 0.500000
56 65 0.500000
56 67 0.500000
56 70 0.500000
56 74 0.500000
56 75 0.500000
56 85 0.500000
56 89 0.500000
56 91 0.500000
56 95 0.500000
56 100 0.500000
57 65 0.500000
57 66 0.500000
57 67 0.500000
57 69 0.500000
57 85 0.500000
57 89 0.500000
57 100 0.500000
58 59 0.500000
58 67 0.500000
58 78 0.500000
58 79 0.500000
58 83 0.500000
58 86 0.500000
58 87 0.500000
58 89 0.500000
58 96 0.500000
58 98 0.500000
58 100 0.500000
59 60 0.500000
59 61 0.500000
59 66 0.500000
59 74 0.500000
59 82 0.500000
59 84 0.500000
59 85 0.500000
59 88 0.500000
59 89 0.500000
59 96 0.500000
60 64 0.500000
60 71 0.500000
60 74 0.500000
60 77 0.500000
60 78 0.500000
60 81 0.500000
60 82 0.500000
60 84 0.500000
60 86 0.500000
60 89 0.500000
60 90 0.500000
60 100 0.500000
61 63 0.500000
61 69 0.500000
61 75 0.500000
61 78 0.500000
61 79 0.500000
61 89 0.500000
61 91 0.500000
61 92 0.500000
61 95 0.500000
61 99 0.500000
62 63 0.500000
62 72 0.500000
62 73 0.500000
62 75 0.500000
62 77 0.500000
62 82 0.500000
62 83 0.500000
62 85 0.500000
62 89 0.500000
62 99 0.500000
63 68 0.500000
63 82 0.500000
63 86 0.500000
63 89 0.500000
63 90 0.500000
63 94 0.500000
64 72 0.500000
64 76 0.500000
64 80 0.500000
64 97 0.500000
64 98 0.500000
65 67 0.500000
65 69 0.500000
65 73 0.500000
65 77 0.500000
65 78 0.500000
65 86 0.500000
65 90 0.500000
65 97 0.500000
65 98 0.500000
66 71 0.500000
66 82 0.500000
66 84 0.500000
66 86 0.500000
66 89 0.500000
67 70 0.500000
67 71 0.500000
67 77 0.500000
67 82 0.500000
67 86 0.500000
67 87 0.500000
67 98 0.500000
67 100 0.500000
68 73 0.500000
68 74 0.500000
68 87 0.500000
68 90 0.500000
68 91 0.500000
68 95 0.500000
68 98 0.500000
69 72 0.500000
69 77 0.500000
69 81 0.500000
69 84 0.500000
69 88 0.500000
69 91 0.500000
69 99 0.500000
70 73 0.500000
70 76 0.500000
70 80 0.500000
70 84 0.500000
70 85 0.500000
70 87 0.500000
70 88 0.500000
70 91 0.500000
70 92 0.500000
70 94 0.500000
70 95 0.500000
70 97 0.500000
70 98 0.500000
70 99 0.500000
71 74 0.500000
71 82 0.500000
71 92 0.500000
71 93 0.500000
71 97 0.500000
71 98 0.500000
71 100 0.500000
72 73 0.500000
72 75 0.500000
72 80 0.500000
72 92 0.500000
72 93 0.500000
72 95 0.500000
73 75 0.500000
73 76 0.500000
73 80 0.500000
73 82 0.500000
73 93 0.500000
73 95 0.500000
73 99 0.500000
73 100 0.500000
74 77 0.500000
74 80 0.500000
74 81 0.500000
74 88 0.500000
74 96 0.500000
75 77 0.500000
75 78 0.500000
75 82 0.500000
75 88 0.500000
75 94 0.500000
75 97 0.500000
75 100 0.500000
76 77 0.500000
76 86 0.500000
76 87 0.500000
76 91 0.500000
76 97 0.500000
77 80 0.500000
77 86 0.500000
77 93 0.500000
77 95 0.500000
77 97 0.500000
78 80 0.500000
78 89 0.500000
78 92 0.500000
78 95 0.500000
78 96 0.500000
78 99 0.500000
78 100 0.500000
79 86 0.500000
79 94 0.500000
79 95 0.500000
79 100 0.500000
80 84 0.500000
80 85 0.500000
80 89 0.500000
80 95 0.500000
80 98 0.500000
81 84 0.500000
81 91 0.500000
81 95 0.500000
83 85 0.500000
83 90 0.500000
83 91 0.500000
83 94 0.500000
83 99 0.500000
84 85 0.500000
84 95 0.500000
84 100 0.500000
85 86 0.500000
85 87 0.500000
85 90 0.500000
85 92 0.500000
85 93 0.500000
85 99 0.500000
87 89 0.500000
87 99 0.500000
88 91 0.500000
88 95 0.500000
88 97 0.500000
89 90 0.500000
89 91 0.500000
89 92 0.500000
89 93 0.500000
89 96 0.500000
89 98 0.500000
89 99 0.500000
89 100 0.500000
90 94 0.500000
90 95 0.500000
90 99 0.500000
92 93 0.500000
92 94 0.500000
92 96 0.500000
94 96 0.500000
94 98 0.500000
94 99 0.500000
