100 50 1274
1 7 0.500000
1 9 0.500000
1 13 0.500000
1 16 0.500000
1 24 0.500000
1 25 0.500000
1 26 0.500000
1 33 0.500000
1 45 0.500000
1 46 0.500000
1 49 0.500000
1 56 0.500000
1 59 0.500000
1 60 0.500000
1 66 0.500000
1 72 0.500000
1 80 0.500000
1 81 0.500000
1 85 0.500000
1 92 0.500000
1 95 0.500000
1 100 0.500000
2 5 0.500000
2 9 0.500000
2 10 0.500000
2 14 0.500000
2 15 0.500000
2 23 0.500000
2 25 0.500000
2 26 0.500000
2 29 0.500000
2 30 0.500000
2 32 0.500000
2 39 0.500000
2 42 0.500000
2 44 0.500000
2 53 0.500000
2 54 0.500000
2 57 0.500000
2 62 0.500000
2 64 0.500000
2 71 0.500000
2 72 0.500000
2 73 0.500000
2 74 0.500000
2 83 0.500000
2 85 0.500000
2 86 0.500000
2 88 0.500000
2 95 0.500000
2 98 0.500000
3 4 0.500000
3 6 0.500000
3 9 0.500000
3 11 0.500000
3 29 0.500000
3 37 0.500000
3 38 0.500000
3 42 0.500000
3 46 0.500000
3 48 0.500000
3 50 0.500000
3 51 0.500000
3 60 0.500000
3 64 0.500000
3 65 0.500000
3 74 0.500000
3 77 0.500000
3 81 0.500000
3 84 0.500000
3 88 0.500000
3 89 0.500000
3 91 0.500000
3 92 0.500000
3 95 0.500000
3 98 0.500000
4 7 0.500000
4 8 0.500000
4 10 0.500000
4 16 0.500000
4 22 0.500000
4 25 0.500000
4 30 0.500000
4 34 0.500000
4 37 0.500000
4 45 0.500000
4 49 0.500000
4 52 0.500000
4 65 0.500000
4 68 0.500000
4 87 0.500000
4 89 0.500000
4 91 0.500000
4 93 0.500000
4 95 0.500000
4 97 0.500000
4 100 0.500000
5 12 0.500000
5 13 0.500000
5 14 0.500000
5 17 0.500000
5 21 0.500000
5 25 0.500000
5 26 0.500000
5 31 0.500000
5 36 0.500000
5 38 0.500000
5 41 0.500000
5 46 0.500000
5 49 0.500000
5 51 0.500000
5 54 0.500000
5 57 0.500000
5 59 0.500000
5 61 0.500000
5 68 0.500000
5 69 0.500000
5 74 0.500000
5 76 0.500000
5 77 0.500000
5 84 0.500000
5 89 0.500000
6 12 0.500000
6 16 0.500000
6 19 0.500000
6 23 0.500000
6 26 0.500000
6 30 0.500000
6 32 0.500000
6 43 0.500000
6 49 0.500000
6 60 0.500000
6 63 0.500000
6 66 0.500000
6 68 0.500000
6 71 0.500000
6 73 0.500000
6 75 0.500000
6 77 0.500000
6 78 0.500000
6 80 0.500000
6 82 0.500000
6 92 0.500000
6 95 0.500000
6 99 0.500000
7 14 0.500000
7 20 0.500000
7 25 0.500000
7 30 0.500000
7 37 0.500000
7 39 0.500000
7 40 0.500000
7 42 0.500000
7 43 0.500000
7 48 0.500000
7 52 0.500000
7 63 0.500000
7 65 0.500000
7 72 0.500000
7 75 0.500000
7 77 0.500000
7 83 0.500000
7 84 0.500000
7 86 0.500000
7 90 0.500000
7 91 0.500000
7 92 0.500000
7 98 0.500000
7 99 0.500000
8 10 0.500000
8 13 0.500000
8 15 0.500000
8 25 0.500000
8 30 0.500000
8 32 0.500000
8 33 0.500000
8 36 0.500000
8 42 0.500000
8 45 0.500000
8 46 0.500000
8 52 0.500000
8 56 0.500000
8 59 0.500000
8 60 0.500000
8 65 0.500000
8 66 0.500000
8 72 0.500000
8 74 0.500000
8 77 0.500000
8 78 0.500000
8 83 0.500000
8 91 0.500000
9 11 0.500000
9 12 0.500000
9 14 0.500000
9 18 0.500000
9 22 0.500000
9 30 0.500000
9 32 0.500000
9 36 0.500000
9 51 0.500000
9 52 0.500000
9 55 0.500000
9 62 0.500000
9 68 0.500000
9 69 0.500000
9 71 0.500000
9 80 0.500000
9 82 0.500000
9 84 0.500000
9 86 0.500000
9 97 0.500000
10 14 0.500000
10 16 0.500000
10 26 0.500000
10 31 0.500000
10 32 0.500000
10 40 0.500000
10 42 0.500000
10 43 0.500000
10 46 0.500000
10 47 0.500000
10 48 0.500000
10 49 0.500000
10 51 0.500000
10 58 0.500000
10 59 0.500000
10 60 0.500000
10 63 0.500000
10 75 0.500000
10 79 0.500000
10 80 0.500000
10 82 0.500000
10 83 0.500000
10 84 0.500000
10 86 0.500000
10 88 0.500000
10 89 0.500000
10 97 0.500000
10 99 0.500000
11 13 0.500000
11 16 0.500000
11 26 0.500000
11 30 0.500000
11 34 0.500000
11 40 0.500000
11 47 0.500000
11 56 0.500000
11 66 0.500000
11 68 0.500000
11 69 0.500000
11 74 0.500000
11 75 0.500000
11 79 0.500000
11 80 0.500000
11 81 0.500000
11 84 0.500000
11 87 0.500000
11 89 0.500000
11 95 0.500000
12 15 0.500000
12 23 0.500000
12 25 0.500000
12 40 0.500000
12 47 0.500000
12 50 0.500000
12 54 0.500000
12 55 0.500000
12 57 0.500000
12 58 0.500000
12 59 0.500000
12 67 0.500000
12 69 0.500000
12 72 0.500000
12 78 0.500000
12 87 0.500000
12 91 0.500000
12 99 0.500000
12 100 0.500000
13 14 0.500000
13 26 0.500000
13 28 0.500000
13 30 0.500000
13 32 0.500000
13 34 0.500000
13 36 0.500000
13 39 0.500000
13 40 0.500000
13 45 0.500000
13 46 0.500000
13 47 0.500000
13 48 0.500000
13 49 0.500000
13 52 0.500000
13 54 0.500000
13 68 0.500000
13 74 0.500000
13 81 0.500000
13 84 0.500000
13 91 0.500000
13 95 0.500000
13 100 0.500000
14 24 0.500000
14 25 0.500000
14 32 0.500000
14 33 0.500000
14 38 0.500000
14 39 0.500000
14 41 0.500000
14 45 0.500000
14 67 0.500000
14 69 0.500000
14 70 0.500000
14 75 0.500000
14 82 0.500000
14 84 0.500000
14 90 0.500000
14 100 0.500000
15 21 0.500000
15 24 0.500000
15 26 0.500000
15 29 0.500000
15 35 0.500000
15 39 0.500000
15 50 0.500000
15 52 0.500000
15 53 0.500000
15 59 0.500000
15 71 0.500000
15 73 0.500000
15 74 0.500000
15 85 0.500000
15 86 0.500000
15 87 0.500000
15 89 0.500000
15 92 0.500000
15 97 0.500000
16 18 0.500000
16 25 0.500000
16 30 0.500000
16 45 0.500000
16 47 0.500000
16 54 0.500000
16 59 0.500000
16 64 0.500000
16 65 0.500000
16 68 0.500000
16 78 0.500000
16 83 0.500000
16 85 0.500000
16 93 0.500000
16 97 0.500000
16 100 0.500000
17 18 0.500000
17 22 0.500000
17 24 0.500000
17 27 0.500000
17 31 0.500000
17 32 0.500000
17 33 0.500000
17 34 0.500000
17 38 0.500000
17 39 0.500000
17 41 0.500000
17 42 0.500000
17 45 0.500000
17 52 0.500000
17 53 0.500000
17 56 0.500000
17 62 0.500000
17 68 0.500000
17 75 0.500000
17 82 0.500000
17 88 0.500000
17 89 0.500000
17 91 0.500000
17 93 0.500000
18 19 0.500000
18 22 0.500000
18 30 0.500000
18 32 0.500000
18 35 0.500000
18 42 0.500000
18 43 0.500000
18 60 0.500000
18 62 0.500000
18 64 0.500000
18 71 0.500000
18 75 0.500000
18 78 0.500000
18 80 0.500000
18 89 0.500000
18 90 0.500000
18 97 0.500000
19 20 0.500000
19 29 0.500000
19 32 0.500000
19 35 0.500000
19 37 0.500000
19 40 0.500000
19 42 0.500000
19 44 0.500000
19 47 0.500000
19 48 0.500000
19 60 0.500000
19 64 0.500000
19 69 0.500000
19 74 0.500000
19 75 0.500000
19 79 0.500000
19 80 0.500000
19 83 0.500000
19 91 0.500000
19 99 0.500000
19 100 0.500000
20 21 0.500000
20 24 0.500000
20 28 0.500000
20 29 0.500000
20 41 0.500000
20 44 0.500000
20 46 0.500000
20 52 0.500000
20 66 0.500000
20 67 0.500000
20 71 0.500000
20 75 0.500000
20 76 0.500000
20 78 0.500000
20 81 0.500000
20 91 0.500000
20 95 0.500000
21 23 0.500000
21 29 0.500000
21 34 0.500000
21 35 0.500000
21 36 0.500000
21 37 0.500000
21 52 0.500000
21 53 0.500000
21 59 0.500000
21 70 0.500000
21 71 0.500000
21 75 0.500000
21 78 0.500000
21 79 0.500000
21 82 0.500000
21 83 0.500000
21 90 0.500000
21 94 0.500000
21 98 0.500000
22 25 0.500000
22 33 0.500000
22 36 0.500000
22 41 0.500000
22 45 0.500000
22 46 0.500000
22 49 0.500000
22 50 0.500000
22 54 0.500000
22 57 0.500000
22 59 0.500000
22 61 0.500000
22 62 0.500000
22 63 0.500000
22 66 0.500000
22 73 0.500000
22 79 0.500000
22 80 0.500000
22 83 0.500000
22 85 0.500000
22 86 0.500000
22 95 0.500000
22 97 0.500000
23 28 0.500000
23 33 0.500000
23 34 0.500000
23 39 0.500000
23 45 0.500000
23 50 0.500000
23 56 0.500000
23 59 0.500000
23 61 0.500000
23 62 0.500000
23 70 0.500000
23 73 0.500000
23 75 0.500000
23 78 0.500000
23 80 0.500000
23 82 0.500000
23 86 0.500000
23 91 0.500000
23 97 0.500000
24 26 0.500000
24 30 0.500000
24 31 0.500000
24 35 0.500000
24 37 0.500000
24 42 0.500000
24 45 0.500000
24 46 0.500000
24 49 0.500000
24 52 0.500000
24 58 0.500000
24 61 0.500000
24 64 0.500000
24 66 0.500000
24 69 0.500000
24 71 0.500000
24 76 0.500000
24 77 0.500000
24 79 0.500000
24 80 0.500000
24 84 0.500000
24 87 0.500000
24 91 0.500000
25 26 0.500000
25 27 0.500000
25 32 0.500000
25 35 0.500000
25 37 0.500000
25 40 0.500000
25 41 0.500000
25 49 0.500000
25 50 0.500000
25 52 0.500000
25 56 0.500000
25 59 0.500000
25 61 0.500000
25 66 0.500000
25 68 0.500000
25 69 0.500000
25 74 0.500000
25 81 0.500000
25 83 0.500000
25 86 0.500000
25 89 0.500000
25 91 0.500000
25 92 0.500000
25 96 0.500000
25 99 0.500000
25 100 0.500000
26 28 0.500000
26 31 0.500000
26 35 0.500000
26 42 0.500000
26 45 0.500000
26 46 0.500000
26 52 0.500000
26 54 0.500000
26 55 0.500000
26 56 0.500000
26 57 0.500000
26 63 0.500000
26 65 0.500000
26 66 0.500000
26 71 0.500000
26 74 0.500000
26 84 0.500000
26 87 0.500000
26 88 0.500000
26 89 0.500000
27 29 0.500000
27 30 0.500000
27 38 0.500000
27 47 0.500000
27 48 0.500000
27 51 0.500000
27 58 0.500000
27 59 0.500000
27 61 0.500000
27 64 0.500000
27 65 0.500000
27 66 0.500000
27 68 0.500000
27 71 0.500000
27 72 0.500000
27 79 0.500000
27 81 0.500000
27 82 0.500000
27 83 0.500000
27 85 0.500000
27 91 0.500000
27 94 0.500000
27 95 0.500000
27 100 0.500000
28 29 0.500000
28 32 0.500000
28 53 0.500000
28 54 0.500000
28 55 0.500000
28 59 0.500000
28 64 0.500000
28 66 0.500000
28 73 0.500000
28 77 0.500000
28 79 0.500000
28 80 0.500000
28 82 0.500000
28 83 0.500000
28 87 0.500000
28 88 0.500000
28 91 0.500000
28 96 0.500000
28 98 0.500000
29 35 0.500000
29 37 0.500000
29 38 0.500000
29 40 0.500000
29 44 0.500000
29 45 0.500000
29 47 0.500000
29 49 0.500000
29 55 0.500000
29 56 0.500000
29 61 0.500000
29 64 0.500000
29 75 0.500000
29 78 0.500000
29 79 0.500000
29 80 0.500000
29 84 0.500000
29 87 0.500000
29 89 0.500000
29 91 0.500000
29 92 0.500000
29 93 0.500000
30 31 0.500000
30 39 0.500000
30 41 0.500000
30 44 0.500000
30 47 0.500000
30 55 0.500000
30 57 0.500000
30 63 0.500000
30 67 0.500000
30 69 0.500000
30 70 0.500000
30 75 0.500000
30 77 0.500000
30 80 0.500000
30 81 0.500000
30 84 0.500000
30 86 0.500000
30 90 0.500000
30 91 0.500000
30 92 0.500000
30 93 0.500000
30 95 0.500000
30 96 0.500000
30 97 0.500000
31 32 0.500000
31 37 0.500000
31 40 0.500000
31 41 0.500000
31 42 0.500000
31 44 0.500000
31 53 0.500000
31 54 0.500000
31 56 0.500000
31 60 0.500000
31 61 0.500000
31 62 0.500000
31 65 0.500000
31 69 0.500000
31 76 0.500000
31 78 0.500000
31 80 0.500000
31 85 0.500000
31 86 0.500000
31 87 0.500000
31 93 0.500000
31 94 0.500000
31 98 0.500000
32 34 0.500000
32 40 0.500000
32 49 0.500000
32 52 0.500000
32 56 0.500000
32 59 0.500000
32 68 0.500000
32 72 0.500000
32 74 0.500000
32 75 0.500000
32 76 0.500000
32 81 0.500000
32 83 0.500000
32 84 0.500000
32 99 0.500000
33 34 0.500000
33 42 0.500000
33 49 0.500000
33 51 0.500000
33 54 0.500000
33 61 0.500000
33 63 0.500000
33 74 0.500000
33 76 0.500000
33 77 0.500000
33 82 0.500000
33 88 0.500000
33 92 0.500000
33 95 0.500000
33 97 0.500000
34 36 0.500000
34 37 0.500000
34 38 0.500000
34 39 0.500000
34 40 0.500000
34 44 0.500000
34 45 0.500000
34 48 0.500000
34 53 0.500000
34 58 0.500000
34 59 0.500000
34 63 0.500000
34 66 0.500000
34 74 0.500000
34 75 0.500000
34 81 0.500000
34 84 0.500000
34 85 0.500000
34 89 0.500000
34 96 0.500000
35 39 0.500000
35 41 0.500000
35 46 0.500000
35 48 0.500000
35 50 0.500000
35 52 0.500000
35 57 0.500000
35 60 0.500000
35 61 0.500000
35 67 0.500000
35 75 0.500000
35 87 0.500000
35 93 0.500000
35 97 0.500000
35 98 0.500000
35 100 0.500000
36 40 0.500000
36 41 0.500000
36 47 0.500000
36 51 0.500000
36 55 0.500000
36 59 0.500000
36 61 0.500000
36 65 0.500000
36 66 0.500000
36 67 0.500000
36 70 0.500000
36 76 0.500000
36 78 0.500000
36 80 0.500000
36 83 0.500000
36 87 0.500000
36 89 0.500000
36 92 0.500000
36 97 0.500000
37 44 0.500000
37 45 0.500000
37 46 0.500000
37 48 0.500000
37 50 0.500000
37 57 0.500000
37 60 0.500000
37 61 0.500000
37 63 0.500000
37 64 0.500000
37 65 0.500000
37 69 0.500000
37 71 0.500000
37 73 0.500000
37 74 0.500000
37 77 0.500000
37 78 0.500000
37 88 0.500000
37 94 0.500000
37 100 0.500000
38 41 0.500000
38 47 0.500000
38 53 0.500000
38 55 0.500000
38 57 0.500000
38 60 0.500000
38 64 0.500000
38 68 0.500000
38 77 0.500000
38 82 0.500000
38 85 0.500000
38 89 0.500000
38 96 0.500000
39 42 0.500000
39 43 0.500000
39 46 0.500000
39 47 0.500000
39 49 0.500000
39 50 0.500000
39 53 0.500000
39 56 0.500000
39 68 0.500000
39 69 0.500000
39 71 0.500000
39 74 0.500000
39 75 0.500000
39 77 0.500000
39 78 0.500000
39 79 0.500000
39 81 0.500000
39 87 0.500000
39 88 0.500000
39 89 0.500000
39 92 0.500000
39 97 0.500000
39 99 0.500000
40 44 0.500000
40 45 0.500000
40 47 0.500000
40 61 0.500000
40 64 0.500000
40 65 0.500000
40 67 0.500000
40 69 0.500000
40 71 0.500000
40 73 0.500000
40 77 0.500000
40 81 0.500000
40 82 0.500000
40 84 0.500000
40 93 0.500000
40 94 0.500000
40 100 0.500000
41 43 0.500000
41 46 0.500000
41 60 0.500000
41 62 0.500000
41 65 0.500000
41 68 0.500000
41 69 0.500000
41 70 0.500000
41 73 0.500000
41 77 0.500000
41 86 0.500000
41 87 0.500000
41 88 0.500000
41 92 0.500000
41 94 0.500000
41 100 0.500000
42 44 0.500000
42 51 0.500000
42 55 0.500000
42 60 0.500000
42 62 0.500000
42 87 0.500000
42 92 0.500000
42 95 0.500000
42 97 0.500000
42 99 0.500000
43 48 0.500000
43 52 0.500000
43 53 0.500000
43 55 0.500000
43 58 0.500000
43 62 0.500000
43 65 0.500000
43 78 0.500000
43 81 0.500000
43 87 0.500000
43 92 0.500000
43 93 0.500000
43 95 0.500000
43 99 0.500000
44 50 0.500000
44 53 0.500000
44 60 0.500000
44 70 0.500000
44 73 0.500000
44 75 0.500000
44 77 0.500000
44 92 0.500000
44 96 0.500000
45 50 0.500000
45 51 0.500000
45 56 0.500000
45 58 0.500000
45 59 0.500000
45 60 0.500000
45 66 0.500000
45 67 0.500000
45 68 0.500000
45 70 0.500000
45 71 0.500000
45 87 0.500000
45 94 0.500000
45 98 0.500000
45 99 0.500000
46 48 0.500000
46 49 0.500000
46 53 0.500000
46 61 0.500000
46 62 0.500000
46 76 0.500000
46 78 0.500000
46 82 0.500000
46 86 0.500000
46 91 0.500000
46 99 0.500000
47 55 0.500000
47 58 0.500000
47 60 0.500000
47 63 0.500000
47 64 0.500000
47 68 0.500000
47 70 0.500000
47 71 0.500000
47 72 0.500000
47 74 0.500000
47 77 0.500000
47 80 0.500000
47 88 0.500000
47 91 0.500000
47 94 0.500000
47 97 0.500000
47 98 0.500000
47 100 0.500000
48 49 0.500000
48 51 0.500000
48 52 0.500000
48 59 0.500000
48 64 0.500000
48 69 0.500000
48 73 0.500000
48 76 0.500000
48 81 0.500000
48 83 0.500000
48 89 0.500000
48 92 0.500000
48 96 0.500000
48 98 0.500000
49 54 0.500000
49 55 0.500000
49 59 0.500000
49 64 0.500000
49 72 0.500000
49 76 0.500000
49 90 0.500000
49 93 0.500000
49 97 0.500000
49 98 0.500000
49 100 0.500000
50 52 0.500000
50 61 0.500000
50 64 0.500000
50 65 0.500000
50 74 0.500000
50 82 0.500000
50 85 0.500000
50 92 0.500000
50 94 0.500000
50 99 0.500000
51 52 0.500000
51 55 0.500000
51 68 0.500000
51 69 0.500000
51 71 0.500000
51 73 0.500000
51 79 0.500000
51 83 0.500000
51 91 0.500000
52 65 0.500000
52 66 0.500000
52 69 0.500000
52 71 0.500000
52 72 0.500000
52 73 0.500000
52 77 0.500000
52 81 0.500000
52 85 0.500000
52 87 0.500000
52 93 0.500000
52 97 0.500000
52 99 0.500000
53 58 0.500000
53 61 0.500000
53 80 0.500000
53 81 0.500000
53 84 0.500000
53 91 0.500000
53 98 0.500000
54 58 0.500000
54 62 0.500000
54 64 0.500000
54 67 0.500000
54 69 0.500000
54 71 0.500000
54 74 0.500000
54 76 0.500000
54 85 0.500000
54 87 0.500000
54 91 0.500000
54 92 0.500000
54 95 0.500000
54 96 0.500000
54 99 0.500000
55 62 0.500000
55 65 0.500000
55 71 0.500000
55 74 0.500000
55 76 0.500000
55 77 0.500000
55 80 0.500000
55 81 0.500000
55 85 0.500000
55 88 0.500000
55 91 0.500000
55 93 0.500000
55 95 0.500000
56 57 0.500000
56 59 0.500000
56 62 0.500000
56 65 0.500000
56 70 0.500000
56 71 0.500000
56 74 0.500000
56 76 0.500000
56 82 0.500000
56 84 0.500000
56 87 0.500000
56 88 0.500000
56 98 0.500000
57 67 0.500000
57 68 0.500000
57 70 0.500000
57 72 0.500000
57 77 0.500000
57 80 0.500000
57 83 0.500000
57 85 0.500000
57 94 0.500000
57 99 0.500000
58 68 0.500000
58 70 0.500000
58 78 0.500000
58 79 0.500000
58 84 0.500000
58 86 0.500000
58 90 0.500000
58 98 0.500000
58 100 0.500000
59 61 0.500000
59 66 0.500000
59 73 0.500000
59 85 0.500000
59 94 0.500000
59 97 0.500000
60 63 0.500000
60 66 0.500000
60 71 0.500000
60 73 0.500000
60 75 0.500000
60 79 0.500000
60 82 0.500000
60 83 0.500000
60 88 0.500000
60 93 0.500000
60 96 0.500000
60 98 0.500000
61 64 0.500000
61 67 0.500000
61 70 0.500000
61 75 0.500000
61 78 0.500000
61 79 0.500000
61 85 0.500000
61 88 0.500000
61 91 0.500000
61 94 0.500000
61 98 0.500000
61 100 0.500000
62 63 0.500000
62 64 0.500000
62 65 0.500000
62 68 0.500000
62 78 0.500000
62 96 0.500000
63 67 0.500000
63 71 0.500000
63 72 0.500000
63 74 0.500000
63 75 0.500000
63 77 0.500000
63 78 0.500000
63 83 0.500000
63 87 0.500000
63 95 0.500000
63 97 0.500000
63 100 0.500000
64 72 0.500000
64 75 0.500000
64 76 0.500000
64 82 0.500000
64 85 0.500000
64 91 0.500000
64 92 0.500000
64 97 0.500000
64 98 0.500000
64 99 0.500000
64 100 0.500000
65 71 0.500000
65 72 0.500000
65 75 0.500000
65 79 0.500000
65 81 0.500000
65 83 0.500000
65 88 0.500000
65 96 0.500000
65 99 0.500000
66 70 0.500000
66 80 0.500000
66 81 0.500000
66 92 0.500000
66 94 0.500000
67 69 0.500000
67 76 0.500000
67 80 0.500000
67 87 0.500000
67 89 0.500000
67 92 0.500000
67 93 0.500000
67 94 0.500000
67 96 0.500000
67 97 0.500000
67 98 0.500000
67 99 0.500000
68 72 0.500000
68 74 0.500000
68 77 0.500000
68 79 0.500000
68 88 0.500000
68 91 0.500000
68 92 0.500000
68 94 0.500000
68 95 0.500000
68 96 0.500000
68 99 0.500000
69 71 0.500000
69 73 0.500000
69 77 0.500000
69 79 0.500000
69 81 0.500000
69 84 0.500000
69 90 0.500000
69 91 0.500000
69 96 0.500000
69 97 0.500000
69 98 0.500000
70 71 0.500000
70 78 0.500000
70 80 0.500000
70 81 0.500000
70 82 0.500000
70 88 0.500000
70 91 0.500000
70 96 0.500000
70 97 0.500000
71 73 0.500000
71 78 0.500000
71 79 0.500000
71 81 0.500000
71 89 0.500000
71 90 0.500000
72 74 0.500000
72 75 0.500000
72 81 0.500000
72 84 0.500000
72 88 0.500000
72 89 0.500000
72 94 0.500000
72 97 0.500000
72 98 0.500000
73 75 0.500000
73 77 0.500000
73 80 0.500000
73 82 0.500000
73 95 0.500000
73 97 0.500000
73 100 0.500000
74 76 0.500000
74 78 0.500000
74 81 0.500000
74 89 0.500000
74 92 0.500000
74 95 0.500000
74 98 0.500000
75 78 0.500000
75 82 0.500000
75 83 0.500000
75 86 0.500000
75 95 0.500000
76 85 0.500000
76 89 0.500000
76 95 0.500000
76 97 0.500000
76 98 0.500000
76 100 0.500000
77 93 0.500000
77 95 0.500000
77 100 0.500000
78 79 0.500000
78 92 0.500000
78 93 0.500000
78 94 0.500000
78 98 0.500000
78 99 0.500000
79 85 0.500000
79 91 0.500000
79 92 0.500000
79 94 0.500000
80 81 0.500000
80 85 0.500000
80 91 0.500000
80 92 0.500000
81 82 0.500000
81 83 0.500000
81 84 0.500000
81 86 0.500000
81 89 0.500000
81 93 0.500000
81 97 0.500000
82 88 0.500000
82 90 0.500000
82 92 0.500000
82 93 0.500000
82 100 0.500000
83 84 0.500000
83 88 0.500000
83 90 0.500000
83 93 0.500000
83 98 0.500000
83 99 0.500000
83 100 0.500000
84 85 0.500000
84 89 0.500000
84 92 0.500000
84 94 0.500000
84 100 0.500000
85 86 0.500000
86 87 0.500000
86 94 0.500000
86 95 0.500000
87 96 0.500000
87 98 0.500000
87 99 0.500000
87 100 0.500000
88 89 0.500000
89 91 0.500000
89 94 0.500000
90 96 0.500000
90 100 0.500000
91 97 0.500000
91 100 0.500000
92 94 0.500000
92 98 0.500000
92 99 0.500000
92 100 0.500000
93 94 0.500000
93 95 0.500000
93 96 0.500000
93 98 0.500000
93 99 0.500000
94 98 0.500000
96 99 0.500000
96 100 0.500000
97 99 0.500000
