100 25 2422
1 7 0.500000
1 10 0.500000
1 12 0.500000
1 16 0.500000
1 17 0.500000
1 18 0.500000
1 19 0.500000
1 20 0.500000
1 21 0.500000
1 24 0.500000
1 31 0.500000
1 34 0.500000
1 35 0.500000
1 36 0.500000
1 38 0.500000
1 39 0.500000
1 40 0.500000
1 42 0.500000
1 45 0.500000
1 49 0.500000
1 51 0.500000
1 53 0.500000
1 54 0.500000
1 55 0.500000
1 57 0.500000
1 59 0.500000
1 60 0.500000
1 61 0.500000
1 62 0.500000
1 64 0.500000
1 66 0.500000
1 67 0.500000
1 71 0.500000
1 74 0.500000
1 75 0.500000
1 78 0.500000
1 84 0.500000
1 86 0.500000
1 87 0.500000
1 88 0.500000
1 89 0.500000
1 93 0.500000
1 95 0.500000
1 98 0.500000
1 100 0.500000
2 3 0.500000
2 5 0.500000
2 6 0.500000
2 7 0.500000
2 10 0.500000
2 11 0.500000
2 15 0.500000
2 17 0.500000
2 18 0.500000
2 19 0.500000
2 25 0.500000
2 26 0.500000
2 27 0.500000
2 28 0.500000
2 30 0.500000
2 31 0.500000
2 34 0.500000
2 36 0.500000
2 40 0.500000
2 41 0.500000
2 43 0.500000
2 44 0.500000
2 45 0.500000
2 46 0.500000
2 49 0.500000
2 51 0.500000
2 53 0.500000
2 55 0.500000
2 57 0.500000
2 58 0.500000
2 59 0.500000
2 61 0.500000
2 62 0.500000
2 64 0.500000
2 65 0.500000
2 66 0.500000
2 69 0.500000
2 71 0.500000
2 72 0.500000
2 73 0.500000
2 75 0.500000
2 76 0.500000
2 77 0.500000
2 78 0.500000
2 79 0.500000
2 80 0.500000
2 81 0.500000
2 82 0.500000
2 83 0.500000
2 84 0.500000
2 85 0.500000
2 86 0.500000
2 93 0.500000
2 94 0.500000
2 95 0.500000
2 96 0.500000
2 97 0.500000
2 98 0.500000
2 99 0.500000
3 5 0.500000
3 6 0.500000
3 8 0.500000
3 9 0.500000
3 11 0.500000
3 14 0.500000
3 17 0.500000
3 18 0.500000
3 22 0.500000
3 23 0.500000
3 24 0.500000
3 26 0.500000
3 27 0.500000
3 28 0.500000
3 29 0.500000
3 30 0.500000
3 31 0.500000
3 32 0.500000
3 36 0.500000
3 37 0.500000
3 42 0.500000
3 45 0.500000
3 46 0.500000
3 49 0.500000
3 50 0.500000
3 51 0.500000
3 54 0.500000
3 55 0.500000
3 56 0.500000
3 57 0.500000
3 65 0.500000
3 67 0.500000
3 68 0.500000
3 71 0.500000
3 72 0.500000
3 73 0.500000
3 74 0.500000
3 76 0.500000
3 77 0.500000
3 78 0.500000
3 81 0.500000
3 82 0.500000
3 83 0.500000
3 93 0.500000
3 97 0.500000
3 98 0.500000
3 99 0.500000
4 7 0.500000
4 8 0.500000
4 10 0.500000
4 11 0.500000
4 13 0.500000
4 15 0.500000
4 17 0.500000
4 18 0.500000
4 19 0.500000
4 20 0.500000
4 21 0.500000
4 22 0.500000
4 26 0.500000
4 29 0.500000
4 30 0.500000
4 31 0.500000
4 34 0.500000
4 37 0.500000
4 38 0.500000
4 44 0.500000
4 45 0.500000
4 46 0.500000
4 47 0.500000
4 51 0.500000
4 52 0.500000
4 53 0.500000
4 54 0.500000
4 58 0.500000
4 59 0.500000
4 60 0.500000
4 61 0.500000
4 62 0.500000
4 63 0.500000
4 64 0.500000
4 68 0.500000
4 70 0.500000
4 73 0.500000
4 83 0.500000
4 86 0.500000
4 87 0.500000
4 88 0.500000
4 89 0.500000
4 91 0.500000
4 94 0.500000
4 96 0.500000
4 98 0.500000
4 100 0.500000
5 6 0.500000
5 13 0.500000
5 14 0.500000
5 15 0.500000
5 17 0.500000
5 18 0.500000
5 21 0.500000
5 23 0.500000
5 25 0.500000
5 27 0.500000
5 29 0.500000
5 33 0.500000
5 37 0.500000
5 38 0.500000
5 41 0.500000
5 43 0.500000
5 46 0.500000
5 49 0.500000
5 52 0.500000
5 53 0.500000
5 55 0.500000
5 56 0.500000
5 57 0.500000
5 58 0.500000
5 60 0.500000
5 63 0.500000
5 64 0.500000
5 65 0.500000
5 66 0.500000
5 70 0.500000
5 71 0.500000
5 72 0.500000
5 76 0.500000
5 77 0.500000
5 78 0.500000
5 80 0.500000
5 81 0.500000
5 82 0.500000
5 85 0.500000
5 86 0.500000
5 92 0.500000
5 96 0.500000
5 97 0.500000
5 99 0.500000
5 100 0.500000
6 7 0.500000
6 9 0.500000
6 10 0.500000
6 13 0.500000
6 14 0.500000
6 16 0.500000
6 19 0.500000
6 24 0.500000
6 25 0.500000
6 26 0.500000
6 27 0.500000
6 29 0.500000
6 35 0.500000
6 36 0.500000
6 38 0.500000
6 44 0.500000
6 45 0.500000
6 47 0.500000
6 54 0.500000
6 55 0.500000
6 57 0.500000
6 58 0.500000
6 60 0.500000
6 61 0.500000
6 62 0.500000
6 64 0.500000
6 66 0.500000
6 67 0.500000
6 70 0.500000
6 71 0.500000
6 72 0.500000
6 74 0.500000
6 76 0.500000
6 82 0.500000
6 84 0.500000
6 85 0.500000
6 87 0.500000
6 88 0.500000
6 90 0.500000
6 91 0.500000
6 92 0.500000
6 93 0.500000
6 94 0.500000
6 95 0.500000
6 98 0.500000
6 100 0.500000
7 8 0.500000
7 16 0.500000
7 17 0.500000
7 18 0.500000
7 20 0.500000
7 21 0.500000
7 22 0.500000
7 23 0.500000
7 26 0.500000
7 27 0.500000
7 30 0.500000
7 33 0.500000
7 34 0.500000
7 36 0.500000
7 39 0.500000
7 40 0.500000
7 42 0.500000
7 45 0.500000
7 47 0.500000
7 48 0.500000
7 51 0.500000
7 52 0.500000
7 54 0.500000
7 55 0.500000
7 56 0.500000
7 58 0.500000
7 60 0.500000
7 61 0.500000
7 64 0.500000
7 65 0.500000
7 66 0.500000
7 69 0.500000
7 73 0.500000
7 74 0.500000
7 75 0.500000
7 76 0.500000
7 77 0.500000
7 78 0.500000
7 79 0.500000
7 85 0.500000
7 86 0.500000
7 88 0.500000
7 90 0.500000
7 92 0.500000
7 94 0.500000
7 97 0.500000
7 98 0.500000
7 100 0.500000
8 9 0.500000
8 10 0.500000
8 11 0.500000
8 12 0.500000
8 18 0.500000
8 21 0.500000
8 22 0.500000
8 23 0.500000
8 24 0.500000
8 25 0.500000
8 26 0.500000
8 29 0.500000
8 30 0.500000
8 31 0.500000
8 32 0.500000
8 37 0.500000
8 40 0.500000
8 41 0.500000
8 42 0.500000
8 43 0.500000
8 45 0.500000
8 47 0.500000
8 49 0.500000
8 53 0.500000
8 54 0.500000
8 56 0.500000
8 59 0.500000
8 60 0.500000
8 62 0.500000
8 63 0.500000
8 64 0.500000
8 69 0.500000
8 70 0.500000
8 73 0.500000
8 74 0.500000
8 75 0.500000
8 77 0.500000
8 79 0.500000
8 84 0.500000
8 86 0.500000
8 87 0.500000
8 92 0.500000
8 95 0.500000
8 97 0.500000
8 98 0.500000
8 100 0.500000
9 11 0.500000
9 12 0.500000
9 14 0.500000
9 15 0.500000
9 17 0.500000
9 20 0.500000
9 22 0.500000
9 23 0.500000
9 25 0.500000
9 28 0.500000
9 29 0.500000
9 30 0.500000
9 32 0.500000
9 35 0.500000
9 37 0.500000
9 40 0.500000
9 41 0.500000
9 43 0.500000
9 46 0.500000
9 47 0.500000
9 49 0.500000
9 50 0.500000
9 52 0.500000
9 53 0.500000
9 56 0.500000
9 57 0.500000
9 59 0.500000
9 61 0.500000
9 62 0.500000
9 64 0.500000
9 68 0.500000
9 70 0.500000
9 71 0.500000
9 75 0.500000
9 76 0.500000
9 77 0.500000
9 78 0.500000
9 79 0.500000
9 82 0.500000
9 84 0.500000
9 86 0.500000
9 88 0.500000
9 89 0.500000
9 92 0.500000
9 98 0.500000
9 99 0.500000
9 100 0.500000
10 11 0.500000
10 12 0.500000
10 18 0.500000
10 21 0.500000
10 22 0.500000
10 25 0.500000
10 32 0.500000
10 33 0.500000
10 35 0.500000
10 38 0.500000
10 39 0.500000
10 41 0.500000
10 44 0.500000
10 45 0.500000
10 47 0.500000
10 49 0.500000
10 50 0.500000
10 52 0.500000
10 54 0.500000
10 57 0.500000
10 60 0.500000
10 64 0.500000
10 67 0.500000
10 73 0.500000
10 74 0.500000
10 75 0.500000
10 77 0.500000
10 78 0.500000
10 79 0.500000
10 80 0.500000
10 83 0.500000
10 87 0.500000
10 89 0.500000
10 91 0.500000
10 94 0.500000
10 95 0.500000
10 96 0.500000
10 98 0.500000
10 100 0.500000
11 13 0.500000
11 16 0.500000
11 17 0.500000
11 18 0.500000
11 19 0.500000
11 20 0.500000
11 26 0.500000
11 28 0.500000
11 29 0.500000
11 34 0.500000
11 36 0.500000
11 37 0.500000
11 40 0.500000
11 42 0.500000
11 45 0.500000
11 46 0.500000
11 47 0.500000
11 49 0.500000
11 51 0.500000
11 53 0.500000
11 56 0.500000
11 60 0.500000
11 62 0.500000
11 63 0.500000
11 66 0.500000
11 68 0.500000
11 71 0.500000
11 72 0.500000
11 74 0.500000
11 79 0.500000
11 81 0.500000
11 83 0.500000
11 88 0.500000
11 90 0.500000
11 91 0.500000
11 97 0.500000
11 99 0.500000
12 13 0.500000
12 16 0.500000
12 18 0.500000
12 19 0.500000
12 22 0.500000
12 23 0.500000
12 29 0.500000
12 31 0.500000
12 32 0.500000
12 33 0.500000
12 38 0.500000
12 42 0.500000
12 45 0.500000
12 48 0.500000
12 54 0.500000
12 58 0.500000
12 59 0.500000
12 61 0.500000
12 62 0.500000
12 65 0.500000
12 66 0.500000
12 67 0.500000
12 68 0.500000
12 71 0.500000
12 73 0.500000
12 75 0.500000
12 89 0.500000
12 90 0.500000
12 92 0.500000
12 93 0.500000
12 94 0.500000
12 95 0.500000
12 96 0.500000
12 97 0.500000
12 98 0.500000
13 15 0.500000
13 17 0.500000
13 20 0.500000
13 21 0.500000
13 23 0.500000
13 28 0.500000
13 31 0.500000
13 39 0.500000
13 45 0.500000
13 48 0.500000
13 49 0.500000
13 50 0.500000
13 51 0.500000
13 53 0.500000
13 56 0.500000
13 59 0.500000
13 61 0.500000
13 63 0.500000
13 65 0.500000
13 66 0.500000
13 69 0.500000
13 70 0.500000
13 71 0.500000
13 72 0.500000
13 73 0.500000
13 74 0.500000
13 75 0.500000
13 76 0.500000
13 77 0.500000
13 78 0.500000
13 81 0.500000
13 82 0.500000
13 83 0.500000
13 84 0.500000
13 85 0.500000
13 88 0.500000
13 89 0.500000
13 90 0.500000
13 91 0.500000
13 93 0.500000
14 15 0.500000
14 17 0.500000
14 21 0.500000
14 22 0.500000
14 25 0.500000
14 27 0.500000
14 31 0.500000
14 36 0.500000
14 38 0.500000
14 41 0.500000
14 42 0.500000
14 43 0.500000
14 44 0.500000
14 46 0.500000
14 49 0.500000
14 51 0.500000
14 52 0.500000
14 56 0.500000
14 61 0.500000
14 62 0.500000
14 63 0.500000
14 66 0.500000
14 69 0.500000
14 70 0.500000
14 71 0.500000
14 72 0.500000
14 73 0.500000
14 75 0.500000
14 76 0.500000
14 81 0.500000
14 88 0.500000
14 89 0.500000
14 90 0.500000
14 91 0.500000
14 92 0.500000
14 93 0.500000
14 99 0.500000
14 100 0.500000
15 17 0.500000
15 18 0.500000
15 19 0.500000
15 21 0.500000
15 22 0.500000
15 23 0.500000
15 30 0.500000
15 31 0.500000
15 32 0.500000
15 36 0.500000
15 38 0.500000
15 39 0.500000
15 40 0.500000
15 41 0.500000
15 42 0.500000
15 44 0.500000
15 45 0.500000
15 47 0.500000
15 48 0.500000
15 49 0.500000
15 52 0.500000
15 53 0.500000
15 58 0.500000
15 59 0.500000
15 62 0.500000
15 63 0.500000
15 68 0.500000
15 70 0.500000
15 73 0.500000
15 76 0.500000
15 83 0.500000
15 88 0.500000
15 90 0.500000
15 92 0.500000
15 94 0.500000
15 95 0.500000
15 97 0.500000
15 99 0.500000
16 17 0.500000
16 18 0.500000
16 22 0.500000
16 23 0.500000
16 25 0.500000
16 26 0.500000
16 27 0.500000
16 29 0.500000
16 32 0.500000
16 35 0.500000
16 38 0.500000
16 39 0.500000
16 41 0.500000
16 42 0.500000
16 44 0.500000
16 46 0.500000
16 51 0.500000
16 52 0.500000
16 53 0.500000
16 55 0.500000
16 56 0.500000
16 67 0.500000
16 70 0.500000
16 72 0.500000
16 75 0.500000
16 80 0.500000
16 84 0.500000
16 86 0.500000
16 87 0.500000
16 89 0.500000
16 90 0.500000
16 91 0.500000
16 92 0.500000
16 95 0.500000
16 99 0.500000
16 100 0.500000
17 23 0.500000
17 25 0.500000
17 31 0.500000
17 32 0.500000
17 33 0.500000
17 34 0.500000
17 37 0.500000
17 39 0.500000
17 43 0.500000
17 45 0.500000
17 46 0.500000
17 48 0.500000
17 51 0.500000
17 52 0.500000
17 53 0.500000
17 54 0.500000
17 56 0.500000
17 61 0.500000
17 62 0.500000
17 64 0.500000
17 66 0.500000
17 67 0.500000
17 69 0.500000
17 74 0.500000
17 77 0.500000
17 79 0.500000
17 80 0.500000
17 83 0.500000
17 85 0.500000
17 86 0.500000
17 87 0.500000
17 88 0.500000
17 89 0.500000
17 90 0.500000
17 91 0.500000
17 92 0.500000
17 94 0.500000
17 97 0.500000
17 98 0.500000
18 20 0.500000
18 21 0.500000
18 22 0.500000
18 23 0.500000
18 26 0.500000
18 32 0.500000
18 33 0.500000
18 34 0.500000
18 37 0.500000
18 38 0.500000
18 42 0.500000
18 44 0.500000
18 45 0.500000
18 51 0.500000
18 52 0.500000
18 53 0.500000
18 55 0.500000
18 58 0.500000
18 59 0.500000
18 60 0.500000
18 61 0.500000
18 62 0.500000
18 64 0.500000
18 66 0.500000
18 67 0.500000
18 69 0.500000
18 70 0.500000
18 72 0.500000
18 75 0.500000
18 78 0.500000
18 79 0.500000
18 81 0.500000
18 84 0.500000
18 87 0.500000
18 89 0.500000
18 97 0.500000
18 99 0.500000
19 23 0.500000
19 27 0.500000
19 28 0.500000
19 31 0.500000
19 33 0.500000
19 35 0.500000
19 37 0.500000
19 39 0.500000
19 40 0.500000
19 42 0.500000
19 43 0.500000
19 44 0.500000
19 45 0.500000
19 46 0.500000
19 48 0.500000
19 49 0.500000
19 51 0.500000
19 52 0.500000
19 54 0.500000
19 57 0.500000
19 60 0.500000
19 67 0.500000
19 68 0.500000
19 70 0.500000
19 78 0.500000
19 79 0.500000
19 81 0.500000
19 83 0.500000
19 85 0.500000
19 86 0.500000
19 87 0.500000
19 90 0.500000
19 93 0.500000
19 95 0.500000
19 97 0.500000
19 100 0.500000
20 21 0.500000
20 23 0.500000
20 25 0.500000
20 27 0.500000
20 28 0.500000
20 29 0.500000
20 34 0.500000
20 35 0.500000
20 36 0.500000
20 37 0.500000
20 42 0.500000
20 43 0.500000
20 45 0.500000
20 46 0.500000
20 47 0.500000
20 49 0.500000
20 50 0.500000
20 53 0.500000
20 57 0.500000
20 58 0.500000
20 59 0.500000
20 62 0.500000
20 63 0.500000
20 65 0.500000
20 69 0.500000
20 72 0.500000
20 73 0.500000
20 75 0.500000
20 76 0.500000
20 81 0.500000
20 83 0.500000
20 84 0.500000
20 85 0.500000
20 90 0.500000
20 96 0.500000
20 97 0.500000
20 98 0.500000
20 99 0.500000
21 22 0.500000
21 24 0.500000
21 26 0.500000
21 29 0.500000
21 30 0.500000
21 31 0.500000
21 32 0.500000
21 37 0.500000
21 39 0.500000
21 40 0.500000
21 41 0.500000
21 44 0.500000
21 45 0.500000
21 48 0.500000
21 52 0.500000
21 58 0.500000
21 59 0.500000
21 60 0.500000
21 63 0.500000
21 67 0.500000
21 68 0.500000
21 69 0.500000
21 72 0.500000
21 74 0.500000
21 75 0.500000
21 76 0.500000
21 77 0.500000
21 78 0.500000
21 79 0.500000
21 83 0.500000
21 85 0.500000
21 86 0.500000
21 87 0.500000
21 89 0.500000
21 90 0.500000
21 91 0.500000
21 93 0.500000
21 94 0.500000
21 96 0.500000
21 99 0.500000
21 100 0.500000
22 24 0.500000
22 30 0.500000
22 31 0.500000
22 32 0.500000
22 33 0.500000
22 34 0.500000
22 35 0.500000
22 36 0.500000
22 38 0.500000
22 39 0.500000
22 40 0.500000
22 42 0.500000
22 46 0.500000
22 47 0.500000
22 48 0.500000
22 50 0.500000
22 51 0.500000
22 52 0.500000
22 53 0.500000
22 55 0.500000
22 58 0.500000
22 62 0.500000
22 63 0.500000
22 65 0.500000
22 66 0.500000
22 69 0.500000
22 70 0.500000
22 76 0.500000
22 77 0.500000
22 78 0.500000
22 79 0.500000
22 81 0.500000
22 82 0.500000
22 83 0.500000
22 84 0.500000
22 85 0.500000
22 87 0.500000
22 91 0.500000
22 93 0.500000
22 97 0.500000
22 99 0.500000
22 100 0.500000
23 25 0.500000
23 26 0.500000
23 27 0.500000
23 30 0.500000
23 33 0.500000
23 34 0.500000
23 35 0.500000
23 36 0.500000
23 37 0.500000
23 38 0.500000
23 39 0.500000
23 42 0.500000
23 43 0.500000
23 45 0.500000
23 46 0.500000
23 47 0.500000
23 51 0.500000
23 52 0.500000
23 54 0.500000
23 55 0.500000
23 56 0.500000
23 58 0.500000
23 59 0.500000
23 60 0.500000
23 62 0.500000
23 63 0.500000
23 65 0.500000
23 67 0.500000
23 73 0.500000
23 74 0.500000
23 75 0.500000
23 77 0.500000
23 78 0.500000
23 80 0.500000
23 82 0.500000
23 83 0.500000
23 84 0.500000
23 87 0.500000
23 90 0.500000
23 91 0.500000
23 93 0.500000
23 99 0.500000
24 27 0.500000
24 29 0.500000
24 34 0.500000
24 35 0.500000
24 37 0.500000
24 39 0.500000
24 40 0.500000
24 43 0.500000
24 44 0.500000
24 46 0.500000
24 48 0.500000
24 50 0.500000
24 52 0.500000
24 56 0.500000
24 57 0.500000
24 59 0.500000
24 60 0.500000
24 61 0.500000
24 63 0.500000
24 66 0.500000
24 67 0.500000
24 73 0.500000
24 75 0.500000
24 76 0.500000
24 77 0.500000
24 78 0.500000
24 79 0.500000
24 85 0.500000
24 86 0.500000
24 87 0.500000
24 88 0.500000
24 89 0.500000
24 92 0.500000
24 95 0.500000
24 96 0.500000
24 100 0.500000
25 27 0.500000
25 30 0.500000
25 31 0.500000
25 32 0.500000
25 33 0.500000
25 34 0.500000
25 37 0.500000
25 41 0.500000
25 42 0.500000
25 44 0.500000
25 46 0.500000
25 50 0.500000
25 52 0.500000
25 60 0.500000
25 63 0.500000
25 64 0.500000
25 65 0.500000
25 66 0.500000
25 67 0.500000
25 68 0.500000
25 69 0.500000
25 74 0.500000
25 76 0.500000
25 77 0.500000
25 79 0.500000
25 82 0.500000
25 85 0.500000
25 90 0.500000
25 94 0.500000
25 95 0.500000
25 96 0.500000
25 100 0.500000
26 27 0.500000
26 28 0.500000
26 32 0.500000
26 33 0.500000
26 34 0.500000
26 35 0.500000
26 36 0.500000
26 37 0.500000
26 38 0.500000
26 39 0.500000
26 40 0.500000
26 41 0.500000
26 44 0.500000
26 47 0.500000
26 50 0.500000
26 52 0.500000
26 55 0.500000
26 56 0.500000
26 62 0.500000
26 64 0.500000
26 65 0.500000
26 66 0.500000
26 68 0.500000
26 69 0.500000
26 74 0.500000
26 78 0.500000
26 80 0.500000
26 82 0.500000
26 83 0.500000
26 85 0.500000
26 87 0.500000
26 88 0.500000
26 89 0.500000
26 93 0.500000
26 94 0.500000
26 96 0.500000
26 97 0.500000
26 100 0.500000
27 28 0.500000
27 29 0.500000
27 30 0.500000
27 31 0.500000
27 32 0.500000
27 34 0.500000
27 37 0.500000
27 44 0.500000
27 45 0.500000
27 46 0.500000
27 47 0.500000
27 48 0.500000
27 50 0.500000
27 51 0.500000
27 53 0.500000
27 57 0.500000
27 59 0.500000
27 60 0.500000
27 63 0.500000
27 65 0.500000
27 66 0.500000
27 67 0.500000
27 70 0.500000
27 73 0.500000
27 74 0.500000
27 75 0.500000
27 76 0.500000
27 79 0.500000
27 82 0.500000
27 86 0.500000
27 91 0.500000
27 92 0.500000
27 94 0.500000
27 96 0.500000
27 99 0.500000
28 31 0.500000
28 33 0.500000
28 36 0.500000
28 37 0.500000
28 40 0.500000
28 41 0.500000
28 42 0.500000
28 43 0.500000
28 44 0.500000
28 45 0.500000
28 47 0.500000
28 50 0.500000
28 53 0.500000
28 59 0.500000
28 62 0.500000
28 66 0.500000
28 67 0.500000
28 68 0.500000
28 71 0.500000
28 75 0.500000
28 78 0.500000
28 79 0.500000
28 80 0.500000
28 81 0.500000
28 82 0.500000
28 84 0.500000
28 85 0.500000
28 89 0.500000
28 91 0.500000
28 92 0.500000
28 94 0.500000
28 95 0.500000
28 96 0.500000
28 97 0.500000
28 98 0.500000
28 99 0.500000
29 30 0.500000
29 31 0.500000
29 34 0.500000
29 43 0.500000
29 44 0.500000
29 45 0.500000
29 46 0.500000
29 49 0.500000
29 51 0.500000
29 52 0.500000
29 53 0.500000
29 54 0.500000
29 55 0.500000
29 61 0.500000
29 65 0.500000
29 68 0.500000
29 71 0.500000
29 72 0.500000
29 74 0.500000
29 76 0.500000
29 77 0.500000
29 78 0.500000
29 79 0.500000
29 86 0.500000
29 87 0.500000
29 88 0.500000
29 90 0.500000
29 92 0.500000
29 94 0.500000
29 97 0.500000
29 98 0.500000
30 31 0.500000
30 32 0.500000
30 39 0.500000
30 40 0.500000
30 42 0.500000
30 45 0.500000
30 50 0.500000
30 51 0.500000
30 53 0.500000
30 57 0.500000
30 58 0.500000
30 59 0.500000
30 60 0.500000
30 70 0.500000
30 71 0.500000
30 72 0.500000
30 73 0.500000
30 76 0.500000
30 77 0.500000
30 80 0.500000
30 82 0.500000
30 83 0.500000
30 85 0.500000
30 88 0.500000
30 90 0.500000
30 92 0.500000
30 93 0.500000
30 94 0.500000
30 98 0.500000
30 99 0.500000
30 100 0.500000
31 32 0.500000
31 33 0.500000
31 34 0.500000
31 35 0.500000
31 40 0.500000
31 41 0.500000
31 43 0.500000
31 47 0.500000
31 48 0.500000
31 49 0.500000
31 50 0.500000
31 51 0.500000
31 55 0.500000
31 57 0.500000
31 61 0.500000
31 62 0.500000
31 64 0.500000
31 67 0.500000
31 69 0.500000
31 70 0.500000
31 72 0.500000
31 73 0.500000
31 76 0.500000
31 77 0.500000
31 78 0.500000
31 79 0.500000
31 83 0.500000
31 88 0.500000
31 89 0.500000
31 90 0.500000
31 94 0.500000
31 97 0.500000
32 33 0.500000
32 34 0.500000
32 36 0.500000
32 38 0.500000
32 39 0.500000
32 40 0.500000
32 41 0.500000
32 43 0.500000
32 44 0.500000
32 46 0.500000
32 47 0.500000
32 48 0.500000
32 49 0.500000
32 51 0.500000
32 52 0.500000
32 55 0.500000
32 56 0.500000
32 57 0.500000
32 58 0.500000
32 59 0.500000
32 60 0.500000
32 61 0.500000
32 62 0.500000
32 63 0.500000
32 65 0.500000
32 66 0.500000
32 69 0.500000
32 73 0.500000
32 74 0.500000
32 75 0.500000
32 76 0.500000
32 78 0.500000
32 79 0.500000
32 80 0.500000
32 81 0.500000
32 83 0.500000
32 90 0.500000
32 92 0.500000
32 96 0.500000
33 35 0.500000
33 36 0.500000
33 37 0.500000
33 39 0.500000
33 40 0.500000
33 43 0.500000
33 44 0.500000
33 47 0.500000
33 49 0.500000
33 52 0.500000
33 53 0.500000
33 54 0.500000
33 55 0.500000
33 56 0.500000
33 57 0.500000
33 58 0.500000
33 59 0.500000
33 62 0.500000
33 66 0.500000
33 68 0.500000
33 70 0.500000
33 71 0.500000
33 72 0.500000
33 76 0.500000
33 77 0.500000
33 78 0.500000
33 80 0.500000
33 81 0.500000
33 83 0.500000
33 85 0.500000
33 86 0.500000
33 90 0.500000
33 92 0.500000
33 93 0.500000
33 96 0.500000
33 98 0.500000
33 99 0.500000
33 100 0.500000
34 36 0.500000
34 37 0.500000
34 38 0.500000
34 39 0.500000
34 43 0.500000
34 51 0.500000
34 56 0.500000
34 57 0.500000
34 59 0.500000
34 61 0.500000
34 63 0.500000
34 65 0.500000
34 67 0.500000
34 70 0.500000
34 72 0.500000
34 78 0.500000
34 79 0.500000
34 81 0.500000
34 85 0.500000
34 86 0.500000
34 87 0.500000
34 88 0.500000
34 89 0.500000
34 91 0.500000
34 92 0.500000
34 93 0.500000
34 95 0.500000
34 96 0.500000
34 97 0.500000
34 99 0.500000
35 36 0.500000
35 42 0.500000
35 44 0.500000
35 50 0.500000
35 51 0.500000
35 54 0.500000
35 55 0.500000
35 56 0.500000
35 58 0.500000
35 59 0.500000
35 64 0.500000
35 67 0.500000
35 68 0.500000
35 69 0.500000
35 71 0.500000
35 72 0.500000
35 74 0.500000
35 75 0.500000
35 76 0.500000
35 79 0.500000
35 80 0.500000
35 82 0.500000
35 86 0.500000
35 87 0.500000
35 88 0.500000
35 89 0.500000
35 95 0.500000
35 96 0.500000
35 97 0.500000
35 98 0.500000
35 99 0.500000
35 100 0.500000
36 41 0.500000
36 43 0.500000
36 46 0.500000
36 50 0.500000
36 54 0.500000
36 56 0.500000
36 60 0.500000
36 62 0.500000
36 65 0.500000
36 66 0.500000
36 68 0.500000
36 70 0.500000
36 72 0.500000
36 75 0.500000
36 77 0.500000
36 80 0.500000
36 83 0.500000
36 87 0.500000
36 88 0.500000
36 91 0.500000
36 97 0.500000
37 38 0.500000
37 39 0.500000
37 43 0.500000
37 44 0.500000
37 45 0.500000
37 49 0.500000
37 51 0.500000
37 56 0.500000
37 57 0.500000
37 61 0.500000
37 62 0.500000
37 65 0.500000
37 69 0.500000
37 74 0.500000
37 75 0.500000
37 76 0.500000
37 79 0.500000
37 81 0.500000
37 82 0.500000
37 84 0.500000
37 87 0.500000
37 88 0.500000
37 89 0.500000
37 90 0.500000
37 91 0.500000
37 92 0.500000
37 93 0.500000
37 96 0.500000
37 98 0.500000
37 99 0.500000
37 100 0.500000
38 44 0.500000
38 46 0.500000
38 50 0.500000
38 51 0.500000
38 52 0.500000
38 54 0.500000
38 55 0.500000
38 57 0.500000
38 60 0.500000
38 62 0.500000
38 64 0.500000
38 67 0.500000
38 69 0.500000
38 72 0.500000
38 73 0.500000
38 74 0.500000
38 75 0.500000
38 76 0.500000
38 78 0.500000
38 82 0.500000
38 85 0.500000
38 87 0.500000
38 88 0.500000
38 89 0.500000
38 91 0.500000
38 93 0.500000
38 94 0.500000
38 96 0.500000
38 97 0.500000
39 42 0.500000
39 44 0.500000
39 46 0.500000
39 47 0.500000
39 49 0.500000
39 53 0.500000
39 55 0.500000
39 56 0.500000
39 57 0.500000
39 59 0.500000
39 61 0.500000
39 65 0.500000
39 68 0.500000
39 69 0.500000
39 70 0.500000
39 74 0.500000
39 76 0.500000
39 77 0.500000
39 78 0.500000
39 79 0.500000
39 84 0.500000
39 86 0.500000
39 87 0.500000
39 88 0.500000
39 89 0.500000
39 93 0.500000
39 96 0.500000
39 100 0.500000
40 42 0.500000
40 45 0.500000
40 46 0.500000
40 48 0.500000
40 51 0.500000
40 55 0.500000
40 57 0.500000
40 58 0.500000
40 60 0.500000
40 61 0.500000
40 63 0.500000
40 65 0.500000
40 66 0.500000
40 67 0.500000
40 70 0.500000
40 71 0.500000
40 72 0.500000
40 75 0.500000
40 76 0.500000
40 78 0.500000
40 80 0.500000
40 82 0.500000
40 83 0.500000
40 84 0.500000
40 86 0.500000
40 88 0.500000
40 90 0.500000
40 92 0.500000
40 96 0.500000
41 42 0.500000
41 44 0.500000
41 46 0.500000
41 48 0.500000
41 50 0.500000
41 56 0.500000
41 59 0.500000
41 60 0.500000
41 63 0.500000
41 66 0.500000
41 67 0.500000
41 69 0.500000
41 76 0.500000
41 80 0.500000
41 82 0.500000
41 83 0.500000
41 85 0.500000
41 86 0.500000
41 87 0.500000
41 88 0.500000
41 90 0.500000
41 91 0.500000
41 95 0.500000
41 96 0.500000
41 100 0.500000
42 45 0.500000
42 47 0.500000
42 48 0.500000
42 49 0.500000
42 50 0.500000
42 52 0.500000
42 53 0.500000
42 55 0.500000
42 56 0.500000
42 59 0.500000
42 64 0.500000
42 65 0.500000
42 66 0.500000
42 69 0.500000
42 72 0.500000
42 73 0.500000
42 75 0.500000
42 76 0.500000
42 79 0.500000
42 80 0.500000
42 82 0.500000
42 85 0.500000
42 87 0.500000
42 88 0.500000
42 89 0.500000
42 92 0.500000
42 93 0.500000
42 94 0.500000
43 44 0.500000
43 45 0.500000
43 46 0.500000
43 47 0.500000
43 48 0.500000
43 51 0.500000
43 52 0.500000
43 53 0.500000
43 54 0.500000
43 56 0.500000
43 57 0.500000
43 58 0.500000
43 60 0.500000
43 61 0.500000
43 62 0.500000
43 65 0.500000
43 70 0.500000
43 73 0.500000
43 75 0.500000
43 84 0.500000
43 85 0.500000
43 86 0.500000
43 92 0.500000
43 93 0.500000
43 96 0.500000
43 97 0.500000
43 98 0.500000
44 45 0.500000
44 47 0.500000
44 48 0.500000
44 49 0.500000
44 50 0.500000
44 51 0.500000
44 52 0.500000
44 54 0.500000
44 55 0.500000
44 56 0.500000
44 57 0.500000
44 59 0.500000
44 61 0.500000
44 62 0.500000
44 64 0.500000
44 66 0.500000
44 67 0.500000
44 68 0.500000
44 69 0.500000
44 70 0.500000
44 72 0.500000
44 73 0.500000
44 78 0.500000
44 82 0.500000
44 83 0.500000
44 84 0.500000
44 86 0.500000
44 89 0.500000
44 91 0.500000
44 92 0.500000
44 97 0.500000
45 48 0.500000
45 49 0.500000
45 50 0.500000
45 54 0.500000
45 59 0.500000
45 60 0.500000
45 64 0.500000
45 67 0.500000
45 69 0.500000
45 73 0.500000
45 74 0.500000
45 77 0.500000
45 79 0.500000
45 80 0.500000
45 82 0.500000
45 85 0.500000
45 88 0.500000
45 89 0.500000
45 90 0.500000
45 92 0.500000
45 93 0.500000
45 95 0.500000
45 96 0.500000
45 98 0.500000
45 99 0.500000
46 50 0.500000
46 51 0.500000
46 52 0.500000
46 53 0.500000
46 56 0.500000
46 58 0.500000
46 59 0.500000
46 60 0.500000
46 62 0.500000
46 63 0.500000
46 65 0.500000
46 66 0.500000
46 69 0.500000
46 71 0.500000
46 72 0.500000
46 76 0.500000
46 78 0.500000
46 81 0.500000
46 85 0.500000
46 87 0.500000
46 91 0.500000
46 92 0.500000
46 93 0.500000
46 95 0.500000
46 98 0.500000
46 99 0.500000
47 49 0.500000
47 54 0.500000
47 55 0.500000
47 60 0.500000
47 62 0.500000
47 67 0.500000
47 68 0.500000
47 69 0.500000
47 70 0.500000
47 71 0.500000
47 73 0.500000
47 75 0.500000
47 78 0.500000
47 79 0.500000
47 86 0.500000
47 87 0.500000
47 90 0.500000
47 91 0.500000
47 93 0.500000
47 94 0.500000
47 96 0.500000
47 98 0.500000
47 99 0.500000
47 100 0.500000
48 49 0.500000
48 53 0.500000
48 59 0.500000
48 60 0.500000
48 64 0.500000
48 65 0.500000
48 68 0.500000
48 69 0.500000
48 73 0.500000
48 75 0.500000
48 76 0.500000
48 80 0.500000
48 86 0.500000
48 87 0.500000
48 88 0.500000
48 91 0.500000
48 92 0.500000
48 94 0.500000
48 97 0.500000
48 98 0.500000
48 99 0.500000
49 50 0.500000
49 51 0.500000
49 54 0.500000
49 55 0.500000
49 57 0.500000
49 58 0.500000
49 59 0.500000
49 60 0.500000
49 63 0.500000
49 64 0.500000
49 65 0.500000
49 68 0.500000
49 69 0.500000
49 70 0.500000
49 71 0.500000
49 72 0.500000
49 73 0.500000
49 74 0.500000
49 75 0.500000
49 77 0.500000
49 78 0.500000
49 79 0.500000
49 82 0.500000
49 84 0.500000
49 85 0.500000
49 86 0.500000
49 90 0.500000
49 96 0.500000
49 97 0.500000
49 99 0.500000
49 100 0.500000
50 53 0.500000
50 58 0.500000
50 59 0.500000
50 60 0.500000
50 61 0.500000
50 63 0.500000
50 64 0.500000
50 65 0.500000
50 70 0.500000
50 72 0.500000
50 73 0.500000
50 74 0.500000
50 75 0.500000
50 76 0.500000
50 80 0.500000
50 82 0.500000
50 84 0.500000
50 88 0.500000
50 90 0.500000
50 91 0.500000
50 92 0.500000
50 93 0.500000
50 98 0.500000
50 99 0.500000
50 100 0.500000
51 52 0.500000
51 53 0.500000
51 61 0.500000
51 63 0.500000
51 65 0.500000
51 67 0.500000
51 68 0.500000
51 71 0.500000
51 74 0.500000
51 75 0.500000
51 76 0.500000
51 78 0.500000
51 79 0.500000
51 82 0.500000
51 83 0.500000
51 84 0.500000
51 86 0.500000
51 87 0.500000
51 91 0.500000
51 92 0.500000
51 93 0.500000
51 94 0.500000
51 95 0.500000
51 96 0.500000
51 97 0.500000
51 98 0.500000
52 54 0.500000
52 56 0.500000
52 57 0.500000
52 61 0.500000
52 62 0.500000
52 63 0.500000
52 64 0.500000
52 66 0.500000
52 67 0.500000
52 68 0.500000
52 69 0.500000
52 71 0.500000
52 72 0.500000
52 73 0.500000
52 74 0.500000
52 76 0.500000
52 77 0.500000
52 78 0.500000
52 79 0.500000
52 80 0.500000
52 81 0.500000
52 82 0.500000
52 83 0.500000
52 84 0.500000
52 85 0.500000
52 86 0.500000
52 87 0.500000
52 91 0.500000
52 92 0.500000
52 94 0.500000
52 97 0.500000
52 98 0.500000
52 99 0.500000
52 100 0.500000
53 54 0.500000
53 55 0.500000
53 56 0.500000
53 59 0.500000
53 62 0.500000
53 67 0.500000
53 68 0.500000
53 69 0.500000
53 70 0.500000
53 72 0.500000
53 73 0.500000
53 74 0.500000
53 76 0.500000
53 77 0.500000
53 80 0.500000
53 81 0.500000
53 82 0.500000
53 83 0.500000
53 84 0.500000
53 86 0.500000
53 88 0.500000
53 92 0.500000
53 93 0.500000
53 97 0.500000
53 99 0.500000
54 55 0.500000
54 56 0.500000
54 60 0.500000
54 61 0.500000
54 62 0.500000
54 64 0.500000
54 66 0.500000
54 68 0.500000
54 75 0.500000
54 76 0.500000
54 77 0.500000
54 78 0.500000
54 79 0.500000
54 81 0.500000
54 83 0.500000
54 85 0.500000
54 87 0.500000
54 90 0.500000
54 91 0.500000
54 92 0.500000
54 94 0.500000
54 96 0.500000
54 97 0.500000
54 99 0.500000
55 57 0.500000
55 58 0.500000
55 61 0.500000
55 64 0.500000
55 65 0.500000
55 66 0.500000
55 67 0.500000
55 70 0.500000
55 71 0.500000
55 72 0.500000
55 74 0.500000
55 76 0.500000
55 77 0.500000
55 82 0.500000
55 83 0.500000
55 84 0.500000
55 85 0.500000
55 86 0.500000
55 88 0.500000
55 90 0.500000
55 91 0.500000
55 92 0.500000
55 97 0.500000
55 98 0.500000
55 99 0.500000
55 100 0.500000
56 58 0.500000
56 59 0.500000
56 61 0.500000
56 62 0.500000
56 63 0.500000
56 64 0.500000
56 65 0.500000
56 68 0.500000
56 71 0.500000
56 76 0.500000
56 77 0.500000
56 80 0.500000
56 81 0.500000
56 83 0.500000
56 84 0.500000
56 86 0.500000
56 89 0.500000
56 90 0.500000
56 91 0.500000
56 92 0.500000
56 94 0.500000
56 96 0.500000
56 98 0.500000
57 60 0.500000
57 61 0.500000
57 62 0.500000
57 64 0.500000
57 66 0.500000
57 67 0.500000
57 70 0.500000
57 74 0.500000
57 80 0.500000
57 84 0.500000
57 85 0.500000
57 87 0.500000
57 88 0.500000
57 92 0.500000
57 93 0.500000
57 94 0.500000
57 97 0.500000
57 98 0.500000
58 59 0.500000
58 60 0.500000
58 65 0.500000
58 71 0.500000
58 72 0.500000
58 74 0.500000
58 75 0.500000
58 79 0.500000
58 81 0.500000
58 82 0.500000
58 85 0.500000
58 86 0.500000
58 87 0.500000
58 88 0.500000
58 93 0.500000
58 94 0.500000
58 95 0.500000
58 96 0.500000
58 98 0.500000
58 99 0.500000
59 60 0.500000
59 62 0.500000
59 63 0.500000
59 64 0.500000
59 65 0.500000
59 68 0.500000
59 70 0.500000
59 71 0.500000
59 72 0.500000
59 73 0.500000
59 74 0.500000
59 75 0.500000
59 77 0.500000
59 78 0.500000
59 80 0.500000
59 81 0.500000
59 82 0.500000
59 83 0.500000
59 88 0.500000
59 91 0.500000
59 93 0.500000
59 95 0.500000
60 61 0.500000
60 63 0.500000
60 64 0.500000
60 65 0.500000
60 67 0.500000
60 69 0.500000
60 70 0.500000
60 76 0.500000
60 80 0.500000
60 83 0.500000
60 84 0.500000
60 92 0.500000
60 96 0.500000
60 98 0.500000
61 63 0.500000
61 65 0.500000
61 68 0.500000
61 70 0.500000
61 71 0.500000
61 73 0.500000
61 76 0.500000
61 78 0.500000
61 79 0.500000
61 82 0.500000
61 83 0.500000
61 85 0.500000
61 86 0.500000
61 88 0.500000
61 89 0.500000
61 93 0.500000
61 95 0.500000
61 96 0.500000
61 98 0.500000
62 64 0.500000
62 65 0.500000
62 67 0.500000
62 69 0.500000
62 72 0.500000
62 76 0.500000
62 77 0.500000
62 79 0.500000
62 84 0.500000
62 86 0.500000
62 88 0.500000
62 91 0.500000
62 96 0.500000
62 97 0.500000
62 98 0.500000
62 100 0.500000
63 65 0.500000
63 66 0.500000
63 68 0.500000
63 69 0.500000
63 70 0.500000
63 73 0.500000
63 74 0.500000
63 76 0.500000
63 78 0.500000
63 79 0.500000
63 81 0.500000
63 85 0.500000
63 87 0.500000
63 88 0.500000
63 89 0.500000
63 90 0.500000
63 91 0.500000
63 94 0.500000
63 95 0.500000
63 96 0.500000
63 97 0.500000
63 99 0.500000
64 65 0.500000
64 66 0.500000
64 67 0.500000
64 69 0.500000
64 72 0.500000
64 73 0.500000
64 75 0.500000
64 76 0.500000
64 78 0.500000
64 81 0.500000
64 82 0.500000
64 83 0.500000
64 84 0.500000
64 85 0.500000
64 86 0.500000
64 87 0.500000
64 88 0.500000
64 89 0.500000
64 94 0.500000
64 97 0.500000
64 98 0.500000
64 100 0.500000
65 66 0.500000
65 69 0.500000
65 70 0.500000
65 71 0.500000
65 77 0.500000
65 78 0.500000
65 80 0.500000
65 81 0.500000
65 82 0.500000
65 83 0.500000
65 87 0.500000
65 88 0.500000
65 89 0.500000
65 91 0.500000
65 92 0.500000
65 97 0.500000
65 98 0.500000
65 100 0.500000
66 69 0.500000
66 72 0.500000
66 73 0.500000
66 75 0.500000
66 77 0.500000
66 78 0.500000
66 79 0.500000
66 81 0.500000
66 84 0.500000
66 86 0.500000
66 88 0.500000
66 91 0.500000
66 92 0.500000
66 93 0.500000
66 94 0.500000
66 97 0.500000
66 98 0.500000
66 99 0.500000
67 70 0.500000
67 71 0.500000
67 73 0.500000
67 78 0.500000
67 80 0.500000
67 85 0.500000
67 86 0.500000
67 87 0.500000
67 91 0.500000
67 94 0.500000
67 95 0.500000
67 96 0.500000
67 99 0.500000
67 100 0.500000
68 69 0.500000
68 70 0.500000
68 73 0.500000
68 74 0.500000
68 75 0.500000
68 76 0.500000
68 81 0.500000
68 82 0.500000
68 86 0.500000
68 90 0.500000
68 92 0.500000
68 94 0.500000
68 96 0.500000
68 98 0.500000
68 99 0.500000
68 100 0.500000
69 70 0.500000
69 71 0.500000
69 72 0.500000
69 74 0.500000
69 76 0.500000
69 78 0.500000
69 80 0.500000
69 82 0.500000
69 83 0.500000
69 85 0.500000
69 88 0.500000
69 89 0.500000
69 92 0.500000
69 94 0.500000
69 96 0.500000
69 100 0.500000
70 73 0.500000
70 76 0.500000
70 78 0.500000
70 79 0.500000
70 80 0.500000
70 82 0.500000
70 83 0.500000
70 84 0.500000
70 85 0.500000
70 86 0.500000
70 88 0.500000
70 89 0.500000
70 90 0.500000
70 91 0.500000
70 92 0.500000
70 94 0.500000
70 95 0.500000
70 96 0.500000
70 98 0.500000
70 99 0.500000
71 74 0.500000
71 75 0.500000
71 77 0.500000
71 78 0.500000
71 79 0.500000
71 80 0.500000
71 81 0.500000
71 82 0.500000
71 83 0.500000
71 84 0.500000
71 85 0.500000
71 86 0.500000
71 87 0.500000
71 89 0.500000
71 90 0.500000
71 91 0.500000
71 94 0.500000
71 95 0.500000
71 96 0.500000
71 97 0.500000
71 99 0.500000
72 73 0.500000
72 81 0.500000
72 83 0.500000
72 86 0.500000
72 87 0.500000
72 88 0.500000
72 89 0.500000
72 90 0.500000
72 91 0.500000
72 92 0.500000
72 93 0.500000
72 97 0.500000
72 99 0.500000
73 74 0.500000
73 77 0.500000
73 78 0.500000
73 79 0.500000
73 83 0.500000
73 84 0.500000
73 85 0.500000
73 86 0.500000
73 88 0.500000
73 91 0.500000
73 94 0.500000
73 95 0.500000
73 96 0.500000
73 99 0.500000
74 75 0.500000
74 76 0.500000
74 77 0.500000
74 80 0.500000
74 82 0.500000
74 83 0.500000
74 84 0.500000
74 86 0.500000
74 87 0.500000
74 88 0.500000
74 90 0.500000
74 95 0.500000
74 97 0.500000
75 78 0.500000
75 80 0.500000
75 81 0.500000
75 83 0.500000
75 85 0.500000
75 88 0.500000
75 89 0.500000
75 90 0.500000
75 91 0.500000
75 92 0.500000
75 94 0.500000
75 95 0.500000
75 96 0.500000
75 97 0.500000
75 100 0.500000
76 81 0.500000
76 83 0.500000
76 85 0.500000
76 89 0.500000
76 92 0.500000
76 93 0.500000
76 94 0.500000
76 95 0.500000
76 97 0.500000
76 99 0.500000
76 100 0.500000
77 78 0.500000
77 81 0.500000
77 82 0.500000
77 83 0.500000
77 86 0.500000
77 89 0.500000
77 92 0.500000
77 93 0.500000
77 94 0.500000
77 97 0.500000
77 100 0.500000
78 79 0.500000
78 80 0.500000
78 82 0.500000
78 83 0.500000
78 84 0.500000
78 85 0.500000
78 87 0.500000
78 91 0.500000
78 92 0.500000
78 94 0.500000
78 97 0.500000
78 100 0.500000
79 83 0.500000
79 84 0.500000
79 87 0.500000
79 93 0.500000
79 99 0.500000
80 85 0.500000
80 87 0.500000
80 88 0.500000
80 90 0.500000
80 91 0.500000
80 92 0.500000
80 95 0.500000
80 96 0.500000
80 98 0.500000
81 82 0.500000
81 83 0.500000
81 84 0.500000
81 89 0.500000
81 92 0.500000
81 94 0.500000
81 97 0.500000
82 87 0.500000
82 88 0.500000
82 90 0.500000
82 91 0.500000
82 94 0.500000
82 95 0.500000
82 97 0.500000
83 84 0.500000
83 90 0.500000
83 91 0.500000
83 92 0.500000
83 93 0.500000
83 94 0.500000
83 99 0.500000
83 100 0.500000
84 85 0.500000
84 89 0.500000
84 92 0.500000
84 94 0.500000
84 95 0.500000
84 96 0.500000
84 99 0.500000
84 100 0.500000
85 87 0.500000
85 88 0.500000
85 89 0.500000
85 92 0.500000
85 93 0.500000
85 95 0.500000
85 96 0.500000
85 97 0.500000
85 99 0.500000
85 100 0.500000
86 89 0.500000
86 90 0.500000
86 91 0.500000
86 94 0.500000
86 96 0.500000
87 88 0.500000
87 89 0.500000
87 91 0.500000
87 92 0.500000
87 93 0.500000
87 94 0.500000
87 95 0.500000
87 96 0.500000
87 97 0.500000
87 98 0.500000
88 89 0.500000
88 90 0.500000
88 92 0.500000
88 93 0.500000
88 95 0.500000
88 98 0.500000
88 99 0.500000
88 100 0.500000
89 94 0.500000
89 95 0.500000
89 96 0.500000
89 97 0.500000
89 98 0.500000
89 100 0.500000
90 91 0.500000
90 92 0.500000
90 93 0.500000
90 94 0.500000
90 96 0.500000
90 97 0.500000
90 98 0.500000
90 100 0.500000
91 92 0.500000
91 94 0.500000
91 95 0.500000
91 96 0.500000
91 98 0.500000
91 99 0.500000
91 100 0.500000
92 94 0.500000
92 95 0.500000
92 96 0.500000
92 98 0.500000
92 100 0.500000
93 94 0.500000
93 95 0.500000
93 99 0.500000
93 100 0.500000
94 95 0.500000
94 97 0.500000
94 98 0.500000
94 100 0.500000
95 96 0.500000
95 97 0.500000
96 97 0.500000
96 98 0.500000
96 99 0.500000
96 100 0.500000
97 99 0.500000
98 100 0.500000
99 100 0.500000
