100 25 2426
1 2 0.500000
1 4 0.500000
1 5 0.500000
1 7 0.500000
1 8 0.500000
1 9 0.500000
1 10 0.500000
1 11 0.500000
1 12 0.500000
1 14 0.500000
1 15 0.500000
1 16 0.500000
1 21 0.500000
1 22 0.500000
1 23 0.500000
1 27 0.500000
1 28 0.500000
1 30 0.500000
1 32 0.500000
1 35 0.500000
1 37 0.500000
1 43 0.500000
1 44 0.500000
1 45 0.500000
1 46 0.500000
1 47 0.500000
1 48 0.500000
1 49 0.500000
1 51 0.500000
1 54 0.500000
1 55 0.500000
1 57 0.500000
1 61 0.500000
1 62 0.500000
1 64 0.500000
1 66 0.500000
1 68 0.500000
1 70 0.500000
1 71 0.500000
1 74 0.500000
1 75 0.500000
1 76 0.500000
1 77 0.500000
1 80 0.500000
1 81 0.500000
1 83 0.500000
1 84 0.500000
1 85 0.500000
1 87 0.500000
1 92 0.500000
1 94 0.500000
1 95 0.500000
1 96 0.500000
1 99 0.500000
1 100 0.500000
2 3 0.500000
2 5 0.500000
2 6 0.500000
2 7 0.500000
2 8 0.500000
2 10 0.500000
2 11 0.500000
2 13 0.500000
2 18 0.500000
2 20 0.500000
2 26 0.500000
2 29 0.500000
2 30 0.500000
2 32 0.500000
2 33 0.500000
2 34 0.500000
2 35 0.500000
2 39 0.500000
2 40 0.500000
2 42 0.500000
2 43 0.500000
2 46 0.500000
2 47 0.500000
2 48 0.500000
2 50 0.500000
2 51 0.500000
2 53 0.500000
2 54 0.500000
2 55 0.500000
2 57 0.500000
2 58 0.500000
2 59 0.500000
2 62 0.500000
2 65 0.500000
2 66 0.500000
2 68 0.500000
2 72 0.500000
2 75 0.500000
2 78 0.500000
2 79 0.500000
2 80 0.500000
2 81 0.500000
2 82 0.500000
2 85 0.500000
2 86 0.500000
2 88 0.500000
2 89 0.500000
2 90 0.500000
2 91 0.500000
2 94 0.500000
2 95 0.500000
2 96 0.500000
2 98 0.500000
2 100 0.500000
3 4 0.500000
3 7 0.500000
3 8 0.500000
3 9 0.500000
3 10 0.500000
3 14 0.500000
3 16 0.500000
3 17 0.500000
3 18 0.500000
3 20 0.500000
3 22 0.500000
3 26 0.500000
3 27 0.500000
3 31 0.500000
3 37 0.500000
3 38 0.500000
3 39 0.500000
3 40 0.500000
3 45 0.500000
3 46 0.500000
3 47 0.500000
3 51 0.500000
3 56 0.500000
3 57 0.500000
3 58 0.500000
3 59 0.500000
3 61 0.500000
3 64 0.500000
3 65 0.500000
3 68 0.500000
3 69 0.500000
3 70 0.500000
3 72 0.500000
3 74 0.500000
3 76 0.500000
3 77 0.500000
3 78 0.500000
3 79 0.500000
3 81 0.500000
3 82 0.500000
3 84 0.500000
3 85 0.500000
3 86 0.500000
3 88 0.500000
3 92 0.500000
3 94 0.500000
3 95 0.500000
3 96 0.500000
4 5 0.500000
4 7 0.500000
4 9 0.500000
4 11 0.500000
4 12 0.500000
4 14 0.500000
4 15 0.500000
4 16 0.500000
4 17 0.500000
4 18 0.500000
4 19 0.500000
4 22 0.500000
4 23 0.500000
4 24 0.500000
4 28 0.500000
4 29 0.500000
4 30 0.500000
4 33 0.500000
4 34 0.500000
4 35 0.500000
4 36 0.500000
4 37 0.500000
4 39 0.500000
4 42 0.500000
4 45 0.500000
4 46 0.500000
4 49 0.500000
4 51 0.500000
4 54 0.500000
4 59 0.500000
4 60 0.500000
4 63 0.500000
4 64 0.500000
4 66 0.500000
4 68 0.500000
4 71 0.500000
4 73 0.500000
4 74 0.500000
4 75 0.500000
4 77 0.500000
4 78 0.500000
4 80 0.500000
4 81 0.500000
4 84 0.500000
4 85 0.500000
4 88 0.500000
4 89 0.500000
4 92 0.500000
4 93 0.500000
4 95 0.500000
4 96 0.500000
4 97 0.500000
4 100 0.500000
5 8 0.500000
5 10 0.500000
5 13 0.500000
5 16 0.500000
5 18 0.500000
5 19 0.500000
5 21 0.500000
5 22 0.500000
5 23 0.500000
5 26 0.500000
5 28 0.500000
5 30 0.500000
5 32 0.500000
5 35 0.500000
5 37 0.500000
5 39 0.500000
5 40 0.500000
5 42 0.500000
5 53 0.500000
5 54 0.500000
5 56 0.500000
5 58 0.500000
5 61 0.500000
5 66 0.500000
5 69 0.500000
5 70 0.500000
5 72 0.500000
5 73 0.500000
5 78 0.500000
5 79 0.500000
5 81 0.500000
5 82 0.500000
5 83 0.500000
5 84 0.500000
5 85 0.500000
5 86 0.500000
5 87 0.500000
5 89 0.500000
5 92 0.500000
5 94 0.500000
5 96 0.500000
5 98 0.500000
6 7 0.500000
6 8 0.500000
6 9 0.500000
6 10 0.500000
6 12 0.500000
6 15 0.500000
6 18 0.500000
6 19 0.500000
6 20 0.500000
6 21 0.500000
6 23 0.500000
6 25 0.500000
6 26 0.500000
6 27 0.500000
6 28 0.500000
6 29 0.500000
6 32 0.500000
6 35 0.500000
6 36 0.500000
6 39 0.500000
6 40 0.500000
6 41 0.500000
6 42 0.500000
6 43 0.500000
6 44 0.500000
6 45 0.500000
6 46 0.500000
6 50 0.500000
6 51 0.500000
6 53 0.500000
6 54 0.500000
6 55 0.500000
6 56 0.500000
6 57 0.500000
6 60 0.500000
6 61 0.500000
6 62 0.500000
6 64 0.500000
6 68 0.500000
6 69 0.500000
6 70 0.500000
6 71 0.500000
6 72 0.500000
6 78 0.500000
6 82 0.500000
6 86 0.500000
6 87 0.500000
6 90 0.500000
6 91 0.500000
6 92 0.500000
6 93 0.500000
6 94 0.500000
6 100 0.500000
7 8 0.500000
7 10 0.500000
7 11 0.500000
7 14 0.500000
7 15 0.500000
7 17 0.500000
7 18 0.500000
7 25 0.500000
7 26 0.500000
7 27 0.500000
7 28 0.500000
7 31 0.500000
7 32 0.500000
7 33 0.500000
7 35 0.500000
7 36 0.500000
7 38 0.500000
7 39 0.500000
7 40 0.500000
7 42 0.500000
7 44 0.500000
7 45 0.500000
7 50 0.500000
7 53 0.500000
7 54 0.500000
7 55 0.500000
7 56 0.500000
7 59 0.500000
7 63 0.500000
7 64 0.500000
7 66 0.500000
7 72 0.500000
7 74 0.500000
7 76 0.500000
7 78 0.500000
7 81 0.500000
7 82 0.500000
7 84 0.500000
7 85 0.500000
7 86 0.500000
7 87 0.500000
7 92 0.500000
7 93 0.500000
7 95 0.500000
7 96 0.500000
7 98 0.500000
7 100 0.500000
8 9 0.500000
8 13 0.500000
8 16 0.500000
8 17 0.500000
8 18 0.500000
8 19 0.500000
8 21 0.500000
8 25 0.500000
8 27 0.500000
8 30 0.500000
8 31 0.500000
8 33 0.500000
8 35 0.500000
8 36 0.500000
8 40 0.500000
8 41 0.500000
8 42 0.500000
8 43 0.500000
8 45 0.500000
8 47 0.500000
8 51 0.500000
8 52 0.500000
8 53 0.500000
8 54 0.500000
8 55 0.500000
8 56 0.500000
8 58 0.500000
8 62 0.500000
8 64 0.500000
8 65 0.500000
8 66 0.500000
8 68 0.500000
8 71 0.500000
8 73 0.500000
8 74 0.500000
8 75 0.500000
8 81 0.500000
8 82 0.500000
8 84 0.500000
8 87 0.500000
8 89 0.500000
8 90 0.500000
8 91 0.500000
8 92 0.500000
8 95 0.500000
8 96 0.500000
8 98 0.500000
8 100 0.500000
9 11 0.500000
9 12 0.500000
9 13 0.500000
9 15 0.500000
9 17 0.500000
9 18 0.500000
9 21 0.500000
9 22 0.500000
9 23 0.500000
9 26 0.500000
9 29 0.500000
9 30 0.500000
9 31 0.500000
9 32 0.500000
9 33 0.500000
9 34 0.500000
9 35 0.500000
9 36 0.500000
9 38 0.500000
9 41 0.500000
9 43 0.500000
9 47 0.500000
9 49 0.500000
9 50 0.500000
9 52 0.500000
9 54 0.500000
9 59 0.500000
9 61 0.500000
9 62 0.500000
9 64 0.500000
9 66 0.500000
9 69 0.500000
9 70 0.500000
9 72 0.500000
9 76 0.500000
9 80 0.500000
9 81 0.500000
9 82 0.500000
9 87 0.500000
9 88 0.500000
9 91 0.500000
9 98 0.500000
10 11 0.500000
10 14 0.500000
10 15 0.500000
10 17 0.500000
10 19 0.500000
10 21 0.500000
10 22 0.500000
10 25 0.500000
10 29 0.500000
10 31 0.500000
10 34 0.500000
10 35 0.500000
10 41 0.500000
10 42 0.500000
10 43 0.500000
10 44 0.500000
10 49 0.500000
10 51 0.500000
10 53 0.500000
10 54 0.500000
10 55 0.500000
10 56 0.500000
10 59 0.500000
10 62 0.500000
10 63 0.500000
10 64 0.500000
10 65 0.500000
10 67 0.500000
10 68 0.500000
10 69 0.500000
10 72 0.500000
10 77 0.500000
10 81 0.500000
10 82 0.500000
10 83 0.500000
10 86 0.500000
10 89 0.500000
10 91 0.500000
10 98 0.500000
10 99 0.500000
10 100 0.500000
11 12 0.500000
11 14 0.500000
11 17 0.500000
11 20 0.500000
11 21 0.500000
11 22 0.500000
11 23 0.500000
11 34 0.500000
11 37 0.500000
11 38 0.500000
11 39 0.500000
11 40 0.500000
11 42 0.500000
11 43 0.500000
11 44 0.500000
11 45 0.500000
11 46 0.500000
11 48 0.500000
11 50 0.500000
11 51 0.500000
11 54 0.500000
11 55 0.500000
11 56 0.500000
11 61 0.500000
11 62 0.500000
11 63 0.500000
11 65 0.500000
11 66 0.500000
11 67 0.500000
11 71 0.500000
11 72 0.500000
11 74 0.500000
11 75 0.500000
11 76 0.500000
11 77 0.500000
11 78 0.500000
11 80 0.500000
11 81 0.500000
11 84 0.500000
11 87 0.500000
11 88 0.500000
11 89 0.500000
11 90 0.500000
11 93 0.500000
11 95 0.500000
11 96 0.500000
11 98 0.500000
11 100 0.500000
12 13 0.500000
12 14 0.500000
12 16 0.500000
12 17 0.500000
12 20 0.500000
12 22 0.500000
12 23 0.500000
12 26 0.500000
12 28 0.500000
12 30 0.500000
12 31 0.500000
12 32 0.500000
12 35 0.500000
12 38 0.500000
12 39 0.500000
12 45 0.500000
12 46 0.500000
12 48 0.500000
12 49 0.500000
12 50 0.500000
12 54 0.500000
12 55 0.500000
12 56 0.500000
12 58 0.500000
12 59 0.500000
12 62 0.500000
12 64 0.500000
12 73 0.500000
12 74 0.500000
12 75 0.500000
12 77 0.500000
12 82 0.500000
12 86 0.500000
12 88 0.500000
12 89 0.500000
12 90 0.500000
12 91 0.500000
12 93 0.500000
12 95 0.500000
12 98 0.500000
12 99 0.500000
12 100 0.500000
13 18 0.500000
13 19 0.500000
13 21 0.500000
13 24 0.500000
13 25 0.500000
13 29 0.500000
13 30 0.500000
13 32 0.500000
13 35 0.500000
13 36 0.500000
13 39 0.500000
13 43 0.500000
13 47 0.500000
13 50 0.500000
13 51 0.500000
13 55 0.500000
13 56 0.500000
13 59 0.500000
13 60 0.500000
13 61 0.500000
13 62 0.500000
13 65 0.500000
13 66 0.500000
13 67 0.500000
13 69 0.500000
13 70 0.500000
13 72 0.500000
13 73 0.500000
13 75 0.500000
13 76 0.500000
13 77 0.500000
13 80 0.500000
13 81 0.500000
13 82 0.500000
13 84 0.500000
13 89 0.500000
13 91 0.500000
13 93 0.500000
13 94 0.500000
13 97 0.500000
13 98 0.500000
14 18 0.500000
14 19 0.500000
14 20 0.500000
14 22 0.500000
14 24 0.500000
14 26 0.500000
14 28 0.500000
14 29 0.500000
14 31 0.500000
14 32 0.500000
14 33 0.500000
14 34 0.500000
14 38 0.500000
14 42 0.500000
14 43 0.500000
14 46 0.500000
14 48 0.500000
14 49 0.500000
14 50 0.500000
14 51 0.500000
14 54 0.500000
14 55 0.500000
14 57 0.500000
14 64 0.500000
14 65 0.500000
14 67 0.500000
14 69 0.500000
14 70 0.500000
14 71 0.500000
14 73 0.500000
14 74 0.500000
14 75 0.500000
14 77 0.500000
14 78 0.500000
14 79 0.500000
14 83 0.500000
14 85 0.500000
14 86 0.500000
14 87 0.500000
14 92 0.500000
14 95 0.500000
14 96 0.500000
14 100 0.500000
15 17 0.500000
15 19 0.500000
15 20 0.500000
15 23 0.500000
15 25 0.500000
15 26 0.500000
15 27 0.500000
15 28 0.500000
15 31 0.500000
15 34 0.500000
15 39 0.500000
15 41 0.500000
15 44 0.500000
15 46 0.500000
15 47 0.500000
15 52 0.500000
15 53 0.500000
15 55 0.500000
15 56 0.500000
15 57 0.500000
15 58 0.500000
15 60 0.500000
15 67 0.500000
15 71 0.500000
15 73 0.500000
15 74 0.500000
15 75 0.500000
15 76 0.500000
15 78 0.500000
15 80 0.500000
15 81 0.500000
15 83 0.500000
15 84 0.500000
15 85 0.500000
15 86 0.500000
15 88 0.500000
15 89 0.500000
15 90 0.500000
15 95 0.500000
15 96 0.500000
15 97 0.500000
15 100 0.500000
16 18 0.500000
16 19 0.500000
16 20 0.500000
16 21 0.500000
16 25 0.500000
16 26 0.500000
16 27 0.500000
16 28 0.500000
16 29 0.500000
16 32 0.500000
16 34 0.500000
16 35 0.500000
16 36 0.500000
16 39 0.500000
16 41 0.500000
16 42 0.500000
16 43 0.500000
16 44 0.500000
16 45 0.500000
16 46 0.500000
16 48 0.500000
16 49 0.500000
16 51 0.500000
16 52 0.500000
16 61 0.500000
16 63 0.500000
16 65 0.500000
16 69 0.500000
16 72 0.500000
16 74 0.500000
16 78 0.500000
16 80 0.500000
16 83 0.500000
16 86 0.500000
16 87 0.500000
16 89 0.500000
16 90 0.500000
16 92 0.500000
16 93 0.500000
16 95 0.500000
16 99 0.500000
16 100 0.500000
17 18 0.500000
17 21 0.500000
17 23 0.500000
17 24 0.500000
17 25 0.500000
17 26 0.500000
17 30 0.500000
17 31 0.500000
17 32 0.500000
17 36 0.500000
17 37 0.500000
17 40 0.500000
17 41 0.500000
17 42 0.500000
17 44 0.500000
17 45 0.500000
17 46 0.500000
17 47 0.500000
17 48 0.500000
17 50 0.500000
17 52 0.500000
17 56 0.500000
17 58 0.500000
17 59 0.500000
17 62 0.500000
17 63 0.500000
17 65 0.500000
17 66 0.500000
17 67 0.500000
17 68 0.500000
17 71 0.500000
17 72 0.500000
17 73 0.500000
17 75 0.500000
17 79 0.500000
17 80 0.500000
17 85 0.500000
17 89 0.500000
17 91 0.500000
17 92 0.500000
17 93 0.500000
17 94 0.500000
17 95 0.500000
17 98 0.500000
17 99 0.500000
17 100 0.500000
18 20 0.500000
18 21 0.500000
18 22 0.500000
18 23 0.500000
18 24 0.500000
18 25 0.500000
18 28 0.500000
18 29 0.500000
18 30 0.500000
18 31 0.500000
18 32 0.500000
18 35 0.500000
18 37 0.500000
18 39 0.500000
18 40 0.500000
18 41 0.500000
18 45 0.500000
18 48 0.500000
18 51 0.500000
18 55 0.500000
18 56 0.500000
18 61 0.500000
18 62 0.500000
18 64 0.500000
18 66 0.500000
18 72 0.500000
18 74 0.500000
18 76 0.500000
18 79 0.500000
18 81 0.500000
18 83 0.500000
18 85 0.500000
18 90 0.500000
18 92 0.500000
18 93 0.500000
18 95 0.500000
18 96 0.500000
19 20 0.500000
19 21 0.500000
19 27 0.500000
19 29 0.500000
19 30 0.500000
19 31 0.500000
19 34 0.500000
19 37 0.500000
19 38 0.500000
19 39 0.500000
19 40 0.500000
19 41 0.500000
19 44 0.500000
19 46 0.500000
19 47 0.500000
19 53 0.500000
19 54 0.500000
19 56 0.500000
19 62 0.500000
19 63 0.500000
19 64 0.500000
19 65 0.500000
19 68 0.500000
19 71 0.500000
19 72 0.500000
19 74 0.500000
19 77 0.500000
19 78 0.500000
19 79 0.500000
19 84 0.500000
19 85 0.500000
19 86 0.500000
19 87 0.500000
19 88 0.500000
19 90 0.500000
19 93 0.500000
19 96 0.500000
19 98 0.500000
19 100 0.500000
20 23 0.500000
20 25 0.500000
20 28 0.500000
20 29 0.500000
20 30 0.500000
20 35 0.500000
20 37 0.500000
20 38 0.500000
20 39 0.500000
20 42 0.500000
20 43 0.500000
20 45 0.500000
20 50 0.500000
20 53 0.500000
20 57 0.500000
20 63 0.500000
20 64 0.500000
20 65 0.500000
20 67 0.500000
20 68 0.500000
20 69 0.500000
20 75 0.500000
20 76 0.500000
20 77 0.500000
20 78 0.500000
20 80 0.500000
20 81 0.500000
20 83 0.500000
20 84 0.500000
20 86 0.500000
20 87 0.500000
20 91 0.500000
20 97 0.500000
20 98 0.500000
20 99 0.500000
21 29 0.500000
21 30 0.500000
21 31 0.500000
21 32 0.500000
21 33 0.500000
21 38 0.500000
21 43 0.500000
21 44 0.500000
21 45 0.500000
21 46 0.500000
21 47 0.500000
21 50 0.500000
21 52 0.500000
21 54 0.500000
21 55 0.500000
21 56 0.500000
21 57 0.500000
21 59 0.500000
21 60 0.500000
21 66 0.500000
21 69 0.500000
21 70 0.500000
21 71 0.500000
21 75 0.500000
21 79 0.500000
21 87 0.500000
21 90 0.500000
21 91 0.500000
21 92 0.500000
21 93 0.500000
21 95 0.500000
21 96 0.500000
21 97 0.500000
21 99 0.500000
22 26 0.500000
22 27 0.500000
22 29 0.500000
22 32 0.500000
22 33 0.500000
22 35 0.500000
22 37 0.500000
22 38 0.500000
22 39 0.500000
22 40 0.500000
22 42 0.500000
22 44 0.500000
22 45 0.500000
22 49 0.500000
22 52 0.500000
22 53 0.500000
22 55 0.500000
22 58 0.500000
22 59 0.500000
22 60 0.500000
22 61 0.500000
22 64 0.500000
22 65 0.500000
22 66 0.500000
22 69 0.500000
22 70 0.500000
22 71 0.500000
22 72 0.500000
22 73 0.500000
22 77 0.500000
22 78 0.500000
22 81 0.500000
22 83 0.500000
22 84 0.500000
22 86 0.500000
22 88 0.500000
22 90 0.500000
22 91 0.500000
22 92 0.500000
22 93 0.500000
22 94 0.500000
22 95 0.500000
22 98 0.500000
22 99 0.500000
23 29 0.500000
23 30 0.500000
23 32 0.500000
23 34 0.500000
23 35 0.500000
23 38 0.500000
23 39 0.500000
23 40 0.500000
23 42 0.500000
23 43 0.500000
23 44 0.500000
23 45 0.500000
23 46 0.500000
23 49 0.500000
23 51 0.500000
23 52 0.500000
23 55 0.500000
23 57 0.500000
23 60 0.500000
23 62 0.500000
23 63 0.500000
23 64 0.500000
23 66 0.500000
23 68 0.500000
23 69 0.500000
23 72 0.500000
23 75 0.500000
23 76 0.500000
23 77 0.500000
23 80 0.500000
23 81 0.500000
23 82 0.500000
23 83 0.500000
23 85 0.500000
23 87 0.500000
23 88 0.500000
23 90 0.500000
23 92 0.500000
23 96 0.500000
23 97 0.500000
23 99 0.500000
23 100 0.500000
24 26 0.500000
24 28 0.500000
24 30 0.500000
24 32 0.500000
24 34 0.500000
24 37 0.500000
24 38 0.500000
24 39 0.500000
24 41 0.500000
24 42 0.500000
24 44 0.500000
24 46 0.500000
24 47 0.500000
24 48 0.500000
24 49 0.500000
24 52 0.500000
24 54 0.500000
24 56 0.500000
24 57 0.500000
24 59 0.500000
24 64 0.500000
24 68 0.500000
24 69 0.500000
24 72 0.500000
24 74 0.500000
24 75 0.500000
24 78 0.500000
24 83 0.500000
24 84 0.500000
24 86 0.500000
24 89 0.500000
24 93 0.500000
24 95 0.500000
24 96 0.500000
24 97 0.500000
24 98 0.500000
25 26 0.500000
25 28 0.500000
25 31 0.500000
25 35 0.500000
25 38 0.500000
25 39 0.500000
25 43 0.500000
25 44 0.500000
25 46 0.500000
25 47 0.500000
25 50 0.500000
25 51 0.500000
25 55 0.500000
25 59 0.500000
25 60 0.500000
25 63 0.500000
25 65 0.500000
25 68 0.500000
25 72 0.500000
25 74 0.500000
25 75 0.500000
25 77 0.500000
25 82 0.500000
25 85 0.500000
25 87 0.500000
25 88 0.500000
25 90 0.500000
25 91 0.500000
25 92 0.500000
25 93 0.500000
25 94 0.500000
25 100 0.500000
26 31 0.500000
26 33 0.500000
26 35 0.500000
26 37 0.500000
26 38 0.500000
26 39 0.500000
26 40 0.500000
26 42 0.500000
26 43 0.500000
26 44 0.500000
26 45 0.500000
26 52 0.500000
26 55 0.500000
26 56 0.500000
26 57 0.500000
26 60 0.500000
26 61 0.500000
26 63 0.500000
26 66 0.500000
26 67 0.500000
26 68 0.500000
26 70 0.500000
26 71 0.500000
26 73 0.500000
26 76 0.500000
26 77 0.500000
26 80 0.500000
26 81 0.500000
26 82 0.500000
26 84 0.500000
26 86 0.500000
26 87 0.500000
26 88 0.500000
26 89 0.500000
26 90 0.500000
26 91 0.500000
26 92 0.500000
26 95 0.500000
26 96 0.500000
26 97 0.500000
26 98 0.500000
26 99 0.500000
27 28 0.500000
27 33 0.500000
27 34 0.500000
27 35 0.500000
27 41 0.500000
27 44 0.500000
27 46 0.500000
27 48 0.500000
27 54 0.500000
27 56 0.500000
27 57 0.500000
27 62 0.500000
27 64 0.500000
27 66 0.500000
27 70 0.500000
27 71 0.500000
27 72 0.500000
27 74 0.500000
27 75 0.500000
27 77 0.500000
27 78 0.500000
27 79 0.500000
27 81 0.500000
27 85 0.500000
27 86 0.500000
27 87 0.500000
27 90 0.500000
27 92 0.500000
27 93 0.500000
27 94 0.500000
27 95 0.500000
27 97 0.500000
27 98 0.500000
27 100 0.500000
28 29 0.500000
28 30 0.500000
28 31 0.500000
28 38 0.500000
28 39 0.500000
28 40 0.500000
28 42 0.500000
28 43 0.500000
28 49 0.500000
28 50 0.500000
28 52 0.500000
28 53 0.500000
28 55 0.500000
28 56 0.500000
28 57 0.500000
28 60 0.500000
28 61 0.500000
28 63 0.500000
28 65 0.500000
28 66 0.500000
28 68 0.500000
28 71 0.500000
28 72 0.500000
28 73 0.500000
28 74 0.500000
28 78 0.500000
28 80 0.500000
28 81 0.500000
28 82 0.500000
28 83 0.500000
28 85 0.500000
28 87 0.500000
28 90 0.500000
28 94 0.500000
28 96 0.500000
28 100 0.500000
29 34 0.500000
29 35 0.500000
29 39 0.500000
29 40 0.500000
29 41 0.500000
29 42 0.500000
29 43 0.500000
29 44 0.500000
29 52 0.500000
29 54 0.500000
29 56 0.500000
29 57 0.500000
29 58 0.500000
29 62 0.500000
29 63 0.500000
29 64 0.500000
29 67 0.500000
29 69 0.500000
29 72 0.500000
29 73 0.500000
29 76 0.500000
29 77 0.500000
29 79 0.500000
29 80 0.500000
29 82 0.500000
29 85 0.500000
29 86 0.500000
29 87 0.500000
29 88 0.500000
29 89 0.500000
29 92 0.500000
29 93 0.500000
29 95 0.500000
29 97 0.500000
30 32 0.500000
30 33 0.500000
30 34 0.500000
30 35 0.500000
30 45 0.500000
30 47 0.500000
30 48 0.500000
30 49 0.500000
30 52 0.500000
30 53 0.500000
30 55 0.500000
30 56 0.500000
30 57 0.500000
30 61 0.500000
30 63 0.500000
30 65 0.500000
30 66 0.500000
30 68 0.500000
30 70 0.500000
30 74 0.500000
30 75 0.500000
30 78 0.500000
30 81 0.500000
30 85 0.500000
30 86 0.500000
30 88 0.500000
30 89 0.500000
30 92 0.500000
30 94 0.500000
30 96 0.500000
30 98 0.500000
30 99 0.500000
30 100 0.500000
31 37 0.500000
31 41 0.500000
31 42 0.500000
31 44 0.500000
31 48 0.500000
31 50 0.500000
31 51 0.500000
31 53 0.500000
31 54 0.500000
31 55 0.500000
31 56 0.500000
31 61 0.500000
31 63 0.500000
31 64 0.500000
31 66 0.500000
31 68 0.500000
31 69 0.500000
31 74 0.500000
31 76 0.500000
31 77 0.500000
31 79 0.500000
31 80 0.500000
31 82 0.500000
31 83 0.500000
31 84 0.500000
31 88 0.500000
31 89 0.500000
31 90 0.500000
31 91 0.500000
31 93 0.500000
31 95 0.500000
31 98 0.500000
32 33 0.500000
32 34 0.500000
32 35 0.500000
32 36 0.500000
32 37 0.500000
32 38 0.500000
32 41 0.500000
32 43 0.500000
32 44 0.500000
32 46 0.500000
32 47 0.500000
32 48 0.500000
32 49 0.500000
32 50 0.500000
32 53 0.500000
32 54 0.500000
32 62 0.500000
32 63 0.500000
32 64 0.500000
32 68 0.500000
32 70 0.500000
32 71 0.500000
32 74 0.500000
32 78 0.500000
32 81 0.500000
32 82 0.500000
32 83 0.500000
32 84 0.500000
32 86 0.500000
32 87 0.500000
32 89 0.500000
32 91 0.500000
32 93 0.500000
32 95 0.500000
32 96 0.500000
32 98 0.500000
32 99 0.500000
33 36 0.500000
33 40 0.500000
33 41 0.500000
33 43 0.500000
33 44 0.500000
33 47 0.500000
33 49 0.500000
33 52 0.500000
33 53 0.500000
33 54 0.500000
33 55 0.500000
33 56 0.500000
33 57 0.500000
33 59 0.500000
33 62 0.500000
33 63 0.500000
33 66 0.500000
33 67 0.500000
33 68 0.500000
33 70 0.500000
33 72 0.500000
33 73 0.500000
33 74 0.500000
33 78 0.500000
33 79 0.500000
33 84 0.500000
33 87 0.500000
33 88 0.500000
33 91 0.500000
33 95 0.500000
33 96 0.500000
33 97 0.500000
33 98 0.500000
34 35 0.500000
34 36 0.500000
34 38 0.500000
34 39 0.500000
34 40 0.500000
34 41 0.500000
34 42 0.500000
34 44 0.500000
34 46 0.500000
34 48 0.500000
34 50 0.500000
34 51 0.500000
34 52 0.500000
34 53 0.500000
34 54 0.500000
34 55 0.500000
34 65 0.500000
34 66 0.500000
34 67 0.500000
34 72 0.500000
34 76 0.500000
34 77 0.500000
34 78 0.500000
34 80 0.500000
34 82 0.500000
34 83 0.500000
34 86 0.500000
34 88 0.500000
34 90 0.500000
34 92 0.500000
34 94 0.500000
34 95 0.500000
34 97 0.500000
34 98 0.500000
35 36 0.500000
35 37 0.500000
35 38 0.500000
35 42 0.500000
35 44 0.500000
35 47 0.500000
35 48 0.500000
35 49 0.500000
35 51 0.500000
35 55 0.500000
35 57 0.500000
35 58 0.500000
35 59 0.500000
35 60 0.500000
35 61 0.500000
35 66 0.500000
35 70 0.500000
35 71 0.500000
35 74 0.500000
35 75 0.500000
35 76 0.500000
35 77 0.500000
35 79 0.500000
35 80 0.500000
35 83 0.500000
35 87 0.500000
35 89 0.500000
35 91 0.500000
35 93 0.500000
35 94 0.500000
35 97 0.500000
35 98 0.500000
35 100 0.500000
36 38 0.500000
36 40 0.500000
36 42 0.500000
36 46 0.500000
36 48 0.500000
36 49 0.500000
36 51 0.500000
36 54 0.500000
36 55 0.500000
36 56 0.500000
36 58 0.500000
36 63 0.500000
36 64 0.500000
36 65 0.500000
36 69 0.500000
36 70 0.500000
36 71 0.500000
36 74 0.500000
36 75 0.500000
36 80 0.500000
36 81 0.500000
36 85 0.500000
36 86 0.500000
36 87 0.500000
36 88 0.500000
36 91 0.500000
36 92 0.500000
36 94 0.500000
36 95 0.500000
36 97 0.500000
36 98 0.500000
36 99 0.500000
37 41 0.500000
37 42 0.500000
37 43 0.500000
37 44 0.500000
37 45 0.500000
37 47 0.500000
37 48 0.500000
37 49 0.500000
37 51 0.500000
37 52 0.500000
37 53 0.500000
37 54 0.500000
37 58 0.500000
37 59 0.500000
37 60 0.500000
37 62 0.500000
37 64 0.500000
37 66 0.500000
37 68 0.500000
37 70 0.500000
37 74 0.500000
37 76 0.500000
37 77 0.500000
37 78 0.500000
37 81 0.500000
37 82 0.500000
37 84 0.500000
37 85 0.500000
37 89 0.500000
37 92 0.500000
37 93 0.500000
37 94 0.500000
37 96 0.500000
37 99 0.500000
37 100 0.500000
38 40 0.500000
38 41 0.500000
38 45 0.500000
38 47 0.500000
38 48 0.500000
38 51 0.500000
38 52 0.500000
38 53 0.500000
38 54 0.500000
38 55 0.500000
38 56 0.500000
38 58 0.500000
38 62 0.500000
38 63 0.500000
38 64 0.500000
38 66 0.500000
38 68 0.500000
38 69 0.500000
38 71 0.500000
38 75 0.500000
38 77 0.500000
38 78 0.500000
38 79 0.500000
38 80 0.500000
38 83 0.500000
38 84 0.500000
38 85 0.500000
38 87 0.500000
38 88 0.500000
38 90 0.500000
38 92 0.500000
38 93 0.500000
38 95 0.500000
38 96 0.500000
38 97 0.500000
38 99 0.500000
38 100 0.500000
39 40 0.500000
39 42 0.500000
39 44 0.500000
39 45 0.500000
39 47 0.500000
39 50 0.500000
39 53 0.500000
39 54 0.500000
39 55 0.500000
39 59 0.500000
39 61 0.500000
39 63 0.500000
39 67 0.500000
39 68 0.500000
39 69 0.500000
39 73 0.500000
39 76 0.500000
39 77 0.500000
39 80 0.500000
39 85 0.500000
39 90 0.500000
39 92 0.500000
39 95 0.500000
39 97 0.500000
39 98 0.500000
40 48 0.500000
40 57 0.500000
40 58 0.500000
40 59 0.500000
40 60 0.500000
40 63 0.500000
40 64 0.500000
40 67 0.500000
40 70 0.500000
40 71 0.500000
40 72 0.500000
40 74 0.500000
40 75 0.500000
40 76 0.500000
40 77 0.500000
40 78 0.500000
40 82 0.500000
40 83 0.500000
40 86 0.500000
40 88 0.500000
40 89 0.500000
40 92 0.500000
40 93 0.500000
40 95 0.500000
40 96 0.500000
40 98 0.500000
41 42 0.500000
41 43 0.500000
41 45 0.500000
41 50 0.500000
41 51 0.500000
41 55 0.500000
41 57 0.500000
41 58 0.500000
41 63 0.500000
41 64 0.500000
41 67 0.500000
41 69 0.500000
41 70 0.500000
41 74 0.500000
41 76 0.500000
41 77 0.500000
41 78 0.500000
41 84 0.500000
41 90 0.500000
41 92 0.500000
41 93 0.500000
41 95 0.500000
41 96 0.500000
41 97 0.500000
41 99 0.500000
41 100 0.500000
42 44 0.500000
42 46 0.500000
42 48 0.500000
42 49 0.500000
42 50 0.500000
42 53 0.500000
42 55 0.500000
42 58 0.500000
42 59 0.500000
42 62 0.500000
42 64 0.500000
42 65 0.500000
42 70 0.500000
42 71 0.500000
42 72 0.500000
42 73 0.500000
42 75 0.500000
42 76 0.500000
42 78 0.500000
42 83 0.500000
42 85 0.500000
42 86 0.500000
42 90 0.500000
42 93 0.500000
42 94 0.500000
42 96 0.500000
42 99 0.500000
42 100 0.500000
43 44 0.500000
43 45 0.500000
43 47 0.500000
43 48 0.500000
43 49 0.500000
43 55 0.500000
43 57 0.500000
43 58 0.500000
43 59 0.500000
43 61 0.500000
43 63 0.500000
43 64 0.500000
43 65 0.500000
43 69 0.500000
43 71 0.500000
43 73 0.500000
43 74 0.500000
43 79 0.500000
43 84 0.500000
43 85 0.500000
43 86 0.500000
43 92 0.500000
43 94 0.500000
43 96 0.500000
43 97 0.500000
43 99 0.500000
44 47 0.500000
44 50 0.500000
44 51 0.500000
44 54 0.500000
44 55 0.500000
44 61 0.500000
44 64 0.500000
44 69 0.500000
44 70 0.500000
44 71 0.500000
44 72 0.500000
44 75 0.500000
44 77 0.500000
44 78 0.500000
44 80 0.500000
44 82 0.500000
44 85 0.500000
44 86 0.500000
44 87 0.500000
44 89 0.500000
44 90 0.500000
44 92 0.500000
44 99 0.500000
45 46 0.500000
45 52 0.500000
45 53 0.500000
45 57 0.500000
45 58 0.500000
45 59 0.500000
45 61 0.500000
45 63 0.500000
45 64 0.500000
45 65 0.500000
45 66 0.500000
45 67 0.500000
45 71 0.500000
45 75 0.500000
45 77 0.500000
45 79 0.500000
45 81 0.500000
45 83 0.500000
45 85 0.500000
45 87 0.500000
45 88 0.500000
45 90 0.500000
45 92 0.500000
45 94 0.500000
45 96 0.500000
45 97 0.500000
45 98 0.500000
46 47 0.500000
46 48 0.500000
46 51 0.500000
46 55 0.500000
46 62 0.500000
46 64 0.500000
46 68 0.500000
46 70 0.500000
46 71 0.500000
46 72 0.500000
46 78 0.500000
46 80 0.500000
46 85 0.500000
46 86 0.500000
46 89 0.500000
46 93 0.500000
46 98 0.500000
47 48 0.500000
47 51 0.500000
47 52 0.500000
47 54 0.500000
47 56 0.500000
47 59 0.500000
47 62 0.500000
47 63 0.500000
47 66 0.500000
47 68 0.500000
47 69 0.500000
47 71 0.500000
47 72 0.500000
47 73 0.500000
47 77 0.500000
47 81 0.500000
47 82 0.500000
47 83 0.500000
47 85 0.500000
47 87 0.500000
47 88 0.500000
47 90 0.500000
47 91 0.500000
47 92 0.500000
47 93 0.500000
47 96 0.500000
47 97 0.500000
47 98 0.500000
47 99 0.500000
48 52 0.500000
48 53 0.500000
48 54 0.500000
48 55 0.500000
48 59 0.500000
48 60 0.500000
48 62 0.500000
48 65 0.500000
48 67 0.500000
48 70 0.500000
48 75 0.500000
48 77 0.500000
48 82 0.500000
48 83 0.500000
48 86 0.500000
48 90 0.500000
48 91 0.500000
48 92 0.500000
48 94 0.500000
48 96 0.500000
48 99 0.500000
48 100 0.500000
49 50 0.500000
49 51 0.500000
49 52 0.500000
49 53 0.500000
49 54 0.500000
49 57 0.500000
49 58 0.500000
49 59 0.500000
49 68 0.500000
49 69 0.500000
49 71 0.500000
49 72 0.500000
49 74 0.500000
49 75 0.500000
49 78 0.500000
49 80 0.500000
49 81 0.500000
49 85 0.500000
49 86 0.500000
49 88 0.500000
49 91 0.500000
49 94 0.500000
49 97 0.500000
49 99 0.500000
49 100 0.500000
50 51 0.500000
50 52 0.500000
50 54 0.500000
50 55 0.500000
50 58 0.500000
50 61 0.500000
50 62 0.500000
50 64 0.500000
50 65 0.500000
50 66 0.500000
50 67 0.500000
50 68 0.500000
50 72 0.500000
50 73 0.500000
50 75 0.500000
50 76 0.500000
50 80 0.500000
50 81 0.500000
50 82 0.500000
50 83 0.500000
50 84 0.500000
50 87 0.500000
50 88 0.500000
50 90 0.500000
50 91 0.500000
50 92 0.500000
50 93 0.500000
50 94 0.500000
50 95 0.500000
50 97 0.500000
50 98 0.500000
50 99 0.500000
51 52 0.500000
51 53 0.500000
51 56 0.500000
51 58 0.500000
51 60 0.500000
51 61 0.500000
51 63 0.500000
51 65 0.500000
51 66 0.500000
51 67 0.500000
51 68 0.500000
51 70 0.500000
51 71 0.500000
51 72 0.500000
51 74 0.500000
51 76 0.500000
51 77 0.500000
51 78 0.500000
51 80 0.500000
51 82 0.500000
51 89 0.500000
51 91 0.500000
51 92 0.500000
51 94 0.500000
51 95 0.500000
51 98 0.500000
51 99 0.500000
52 53 0.500000
52 56 0.500000
52 57 0.500000
52 58 0.500000
52 59 0.500000
52 61 0.500000
52 63 0.500000
52 64 0.500000
52 69 0.500000
52 70 0.500000
52 73 0.500000
52 74 0.500000
52 79 0.500000
52 80 0.500000
52 82 0.500000
52 85 0.500000
52 86 0.500000
52 88 0.500000
52 89 0.500000
52 90 0.500000
52 93 0.500000
52 94 0.500000
52 98 0.500000
52 100 0.500000
53 57 0.500000
53 60 0.500000
53 61 0.500000
53 62 0.500000
53 63 0.500000
53 68 0.500000
53 69 0.500000
53 70 0.500000
53 71 0.500000
53 73 0.500000
53 78 0.500000
53 80 0.500000
53 82 0.500000
53 85 0.500000
53 86 0.500000
53 88 0.500000
53 91 0.500000
53 92 0.500000
53 94 0.500000
53 97 0.500000
53 99 0.500000
53 100 0.500000
54 65 0.500000
54 67 0.500000
54 68 0.500000
54 70 0.500000
54 72 0.500000
54 73 0.500000
54 75 0.500000
54 76 0.500000
54 79 0.500000
54 85 0.500000
54 87 0.500000
54 93 0.500000
54 94 0.500000
54 98 0.500000
54 99 0.500000
54 100 0.500000
55 59 0.500000
55 60 0.500000
55 61 0.500000
55 65 0.500000
55 68 0.500000
55 69 0.500000
55 70 0.500000
55 75 0.500000
55 77 0.500000
55 79 0.500000
55 80 0.500000
55 81 0.500000
55 82 0.500000
55 84 0.500000
55 85 0.500000
55 86 0.500000
55 87 0.500000
55 88 0.500000
55 89 0.500000
55 94 0.500000
55 96 0.500000
55 99 0.500000
55 100 0.500000
56 58 0.500000
56 60 0.500000
56 63 0.500000
56 66 0.500000
56 67 0.500000
56 69 0.500000
56 71 0.500000
56 77 0.500000
56 78 0.500000
56 79 0.500000
56 80 0.500000
56 81 0.500000
56 82 0.500000
56 83 0.500000
56 85 0.500000
56 86 0.500000
56 89 0.500000
56 91 0.500000
56 97 0.500000
56 98 0.500000
56 99 0.500000
56 100 0.500000
57 59 0.500000
57 61 0.500000
57 62 0.500000
57 63 0.500000
57 66 0.500000
57 67 0.500000
57 68 0.500000
57 71 0.500000
57 73 0.500000
57 74 0.500000
57 75 0.500000
57 76 0.500000
57 77 0.500000
57 78 0.500000
57 79 0.500000
57 81 0.500000
57 82 0.500000
57 85 0.500000
57 86 0.500000
57 90 0.500000
57 93 0.500000
57 97 0.500000
57 98 0.500000
57 99 0.500000
58 61 0.500000
58 65 0.500000
58 67 0.500000
58 68 0.500000
58 70 0.500000
58 73 0.500000
58 74 0.500000
58 76 0.500000
58 77 0.500000
58 78 0.500000
58 79 0.500000
58 80 0.500000
58 81 0.500000
58 82 0.500000
58 85 0.500000
58 88 0.500000
58 89 0.500000
58 93 0.500000
58 95 0.500000
58 98 0.500000
59 60 0.500000
59 63 0.500000
59 65 0.500000
59 68 0.500000
59 69 0.500000
59 72 0.500000
59 74 0.500000
59 75 0.500000
59 81 0.500000
59 82 0.500000
59 83 0.500000
59 89 0.500000
59 92 0.500000
59 98 0.500000
59 99 0.500000
60 61 0.500000
60 62 0.500000
60 65 0.500000
60 67 0.500000
60 70 0.500000
60 71 0.500000
60 78 0.500000
60 79 0.500000
60 80 0.500000
60 81 0.500000
60 83 0.500000
60 87 0.500000
60 88 0.500000
60 89 0.500000
60 91 0.500000
60 92 0.500000
60 94 0.500000
60 96 0.500000
61 68 0.500000
61 71 0.500000
61 73 0.500000
61 75 0.500000
61 78 0.500000
61 80 0.500000
61 81 0.500000
61 82 0.500000
61 83 0.500000
61 94 0.500000
61 95 0.500000
61 96 0.500000
61 98 0.500000
61 99 0.500000
61 100 0.500000
62 64 0.500000
62 65 0.500000
62 67 0.500000
62 69 0.500000
62 72 0.500000
62 73 0.500000
62 75 0.500000
62 77 0.500000
62 78 0.500000
62 80 0.500000
62 81 0.500000
62 86 0.500000
62 88 0.500000
62 89 0.500000
62 92 0.500000
62 93 0.500000
62 96 0.500000
62 97 0.500000
62 99 0.500000
63 66 0.500000
63 67 0.500000
63 68 0.500000
63 71 0.500000
63 72 0.500000
63 74 0.500000
63 75 0.500000
63 81 0.500000
63 85 0.500000
63 88 0.500000
63 92 0.500000
63 94 0.500000
63 95 0.500000
63 96 0.500000
63 97 0.500000
63 98 0.500000
63 99 0.500000
64 68 0.500000
64 70 0.500000
64 72 0.500000
64 75 0.500000
64 78 0.500000
64 82 0.500000
64 83 0.500000
64 89 0.500000
64 90 0.500000
64 91 0.500000
64 92 0.500000
64 93 0.500000
64 95 0.500000
64 96 0.500000
64 100 0.500000
65 67 0.500000
65 68 0.500000
65 71 0.500000
65 72 0.500000
65 75 0.500000
65 76 0.500000
65 78 0.500000
65 81 0.500000
65 82 0.500000
65 87 0.500000
65 88 0.500000
65 89 0.500000
65 91 0.500000
65 96 0.500000
65 97 0.500000
65 98 0.500000
65 100 0.500000
66 69 0.500000
66 70 0.500000
66 71 0.500000
66 72 0.500000
66 73 0.500000
66 75 0.500000
66 79 0.500000
66 83 0.500000
66 84 0.500000
66 87 0.500000
66 88 0.500000
66 90 0.500000
66 91 0.500000
66 92 0.500000
66 95 0.500000
66 96 0.500000
66 99 0.500000
67 69 0.500000
67 72 0.500000
67 73 0.500000
67 74 0.500000
67 76 0.500000
67 77 0.500000
67 78 0.500000
67 85 0.500000
67 86 0.500000
67 89 0.500000
67 90 0.500000
67 92 0.500000
67 94 0.500000
67 96 0.500000
67 99 0.500000
67 100 0.500000
68 69 0.500000
68 72 0.500000
68 77 0.500000
68 79 0.500000
68 84 0.500000
68 87 0.500000
68 89 0.500000
68 90 0.500000
68 92 0.500000
68 93 0.500000
68 94 0.500000
68 96 0.500000
68 98 0.500000
68 99 0.500000
69 70 0.500000
69 72 0.500000
69 73 0.500000
69 74 0.500000
69 79 0.500000
69 82 0.500000
69 83 0.500000
69 84 0.500000
69 85 0.500000
69 86 0.500000
69 87 0.500000
69 88 0.500000
69 89 0.500000
69 90 0.500000
69 94 0.500000
69 95 0.500000
69 97 0.500000
69 98 0.500000
69 100 0.500000
70 71 0.500000
70 75 0.500000
70 80 0.500000
70 86 0.500000
70 87 0.500000
70 91 0.500000
70 92 0.500000
70 96 0.500000
70 100 0.500000
71 73 0.500000
71 74 0.500000
71 78 0.500000
71 80 0.500000
71 85 0.500000
71 86 0.500000
71 87 0.500000
71 88 0.500000
71 90 0.500000
71 92 0.500000
71 93 0.500000
71 96 0.500000
71 99 0.500000
71 100 0.500000
72 77 0.500000
72 78 0.500000
72 80 0.500000
72 81 0.500000
72 82 0.500000
72 87 0.500000
72 88 0.500000
72 89 0.500000
72 91 0.500000
72 95 0.500000
72 96 0.500000
72 97 0.500000
73 76 0.500000
73 77 0.500000
73 79 0.500000
73 82 0.500000
73 83 0.500000
73 84 0.500000
73 85 0.500000
73 86 0.500000
73 87 0.500000
73 88 0.500000
73 89 0.500000
73 91 0.500000
73 92 0.500000
73 93 0.500000
73 95 0.500000
73 97 0.500000
73 98 0.500000
73 99 0.500000
74 75 0.500000
74 77 0.500000
74 78 0.500000
74 79 0.500000
74 82 0.500000
74 85 0.500000
74 86 0.500000
74 88 0.500000
74 93 0.500000
74 94 0.500000
74 95 0.500000
74 96 0.500000
74 98 0.500000
75 76 0.500000
75 82 0.500000
75 83 0.500000
75 85 0.500000
75 86 0.500000
75 89 0.500000
75 90 0.500000
75 92 0.500000
75 93 0.500000
75 94 0.500000
75 96 0.500000
75 97 0.500000
75 98 0.500000
76 77 0.500000
76 81 0.500000
76 82 0.500000
76 86 0.500000
76 87 0.500000
76 99 0.500000
76 100 0.500000
77 78 0.500000
77 79 0.500000
77 81 0.500000
77 82 0.500000
77 84 0.500000
77 85 0.500000
77 87 0.500000
77 88 0.500000
77 89 0.500000
77 90 0.500000
77 91 0.500000
77 93 0.500000
77 95 0.500000
77 96 0.500000
77 97 0.500000
77 98 0.500000
77 99 0.500000
77 100 0.500000
78 80 0.500000
78 82 0.500000
78 84 0.500000
78 85 0.500000
78 87 0.500000
78 88 0.500000
78 90 0.500000
78 91 0.500000
78 93 0.500000
78 94 0.500000
78 95 0.500000
78 98 0.500000
78 99 0.500000
78 100 0.500000
79 80 0.500000
79 81 0.500000
79 82 0.500000
79 84 0.500000
79 92 0.500000
79 93 0.500000
80 82 0.500000
80 83 0.500000
80 85 0.500000
80 88 0.500000
80 90 0.500000
80 91 0.500000
80 95 0.500000
81 83 0.500000
81 84 0.500000
81 85 0.500000
81 88 0.500000
81 89 0.500000
81 90 0.500000
81 93 0.500000
81 94 0.500000
81 95 0.500000
81 98 0.500000
81 100 0.500000
82 86 0.500000
82 88 0.500000
82 89 0.500000
82 90 0.500000
82 92 0.500000
82 94 0.500000
82 95 0.500000
82 99 0.500000
83 84 0.500000
83 86 0.500000
83 87 0.500000
83 90 0.500000
83 91 0.500000
83 93 0.500000
83 95 0.500000
83 97 0.500000
83 98 0.500000
84 85 0.500000
84 86 0.500000
84 89 0.500000
84 92 0.500000
84 93 0.500000
84 94 0.500000
84 98 0.500000
84 100 0.500000
85 88 0.500000
85 89 0.500000
85 90 0.500000
85 92 0.500000
85 93 0.500000
85 94 0.500000
85 95 0.500000
85 96 0.500000
85 99 0.500000
86 87 0.500000
86 88 0.500000
86 89 0.500000
86 92 0.500000
86 94 0.500000
86 96 0.500000
87 88 0.500000
87 89 0.500000
87 94 0.500000
87 96 0.500000
87 97 0.500000
87 98 0.500000
87 100 0.500000
88 89 0.500000
88 96 0.500000
88 99 0.500000
89 91 0.500000
89 93 0.500000
89 95 0.500000
89 96 0.500000
90 91 0.500000
90 96 0.500000
90 99 0.500000
91 94 0.500000
91 95 0.500000
91 96 0.500000
91 97 0.500000
92 93 0.500000
92 95 0.500000
92 97 0.500000
92 98 0.500000
93 94 0.500000
93 95 0.500000
93 96 0.500000
93 97 0.500000
93 100 0.500000
94 97 0.500000
94 98 0.500000
95 97 0.500000
95 99 0.500000
96 97 0.500000
96 100 0.500000
97 98 0.500000
98 99 0.500000
98 100 0.500000
99 100 0.500000
